Vertex Count: 360

Data:

-2.27316 -0.124409 -5.98617 0.592674 0.017914 0 0 -1
-2.18177 -0.124409 -5.98617 0.592674 0.037657 0 0 -1
-2.27316 -1.36436 -5.98617 0.395118 0.017914 0 0 -1
-2.18177 -0.124409 -5.98617 0.592674 0.037657 0 0 -1
-2.18177 -1.27323 -5.98617 0.409636 0.037657 0 0 -1
-2.27316 -1.36436 -5.98617 0.395118 0.017914 0 0 -1
2.18177 -0.124409 -5.98617 0.592674 0.98026 0 0 -1
2.27315 -0.124409 -5.98617 0.592674 1 0 0 -1
2.18177 -1.27323 -5.98617 0.409636 0.98026 0 0 -1
2.27315 -0.124409 -5.98617 0.592674 1 0 0 -1
2.27315 -1.36436 -5.98617 0.395117 1 0 0 -1
2.18177 -1.27323 -5.98617 0.409636 0.98026 0 0 -1
-2.18177 -1.27323 -5.98617 0.409636 0.037657 0 0 -1
2.18177 -1.27323 -5.98617 0.409636 0.98026 0 0 -1
-2.27316 -1.36436 -5.98617 0.395118 0.017914 0 0 -1
2.18177 -1.27323 -5.98617 0.409636 0.98026 0 0 -1
2.27315 -1.36436 -5.98617 0.395117 1 0 0 -1
-2.27316 -1.36436 -5.98617 0.395118 0.017914 0 0 -1
-2.27316 1.34808 -5.98617 0.197559 0.017914 0 0 -1
-2.18177 1.25694 -5.98617 0.183038 0.037657 0 0 -1
-2.27316 0.108115 -5.98617 0 0.017914 0 0 -1
-2.27316 1.34808 -5.98617 0.197559 0.017914 0 0 -1
2.27315 1.34808 -5.98617 0.197559 1 0 0 -1
-2.18177 1.25694 -5.98617 0.183038 0.037657 0 0 -1
2.27315 1.34808 -5.98617 0.197559 1 0 0 -1
2.18177 1.25694 -5.98617 0.183038 0.98026 0 0 -1
-2.18177 1.25694 -5.98617 0.183038 0.037657 0 0 -1
2.27315 1.34808 -5.98617 0.197559 1 0 0 -1
2.27315 0.108115 -5.98617 0 1 0 0 -1
2.18177 1.25694 -5.98617 0.183038 0.98026 0 0 -1
-2.18177 1.25694 -5.98617 0.183038 0.037657 0 0 -1
-2.18177 0.108115 -5.98617 0 0.037656 0 0 -1
-2.27316 0.108115 -5.98617 0 0.017914 0 0 -1
2.18177 1.25694 -5.98617 0.183038 0.98026 0 0 -1
2.27315 0.108115 -5.98617 0 1 0 0 -1
2.18177 0.108115 -5.98617 0 0.98026 0 0 -1
-2.27316 -0.124409 -5.86004 0.592674 0.017914 0 0 1
-2.27316 -1.36436 -5.86004 0.790231 0.017914 0 0 1
-2.18177 -0.124409 -5.86004 0.592674 0.037657 0 0 1
-2.18177 -0.124409 -5.86004 0.592674 0.037657 0 0 1
-2.27316 -1.36436 -5.86004 0.790231 0.017914 0 0 1
-2.18177 -1.27323 -5.86004 0.775712 0.037657 0 0 1
2.18177 -0.124409 -5.86004 0.592674 0.98026 0 0 1
2.18177 -1.27323 -5.86004 0.775712 0.98026 0 0 1
2.27315 -0.124409 -5.86004 0.592674 1 0 0 1
2.27315 -0.124409 -5.86004 0.592674 1 0 0 1
2.18177 -1.27323 -5.86004 0.775712 0.98026 0 0 1
2.27315 -1.36436 -5.86004 0.790231 1 0 0 1
-2.18177 -1.27323 -5.86004 0.775712 0.037657 0 0 1
-2.27316 -1.36436 -5.86004 0.790231 0.017914 0 0 1
2.18177 -1.27323 -5.86004 0.775712 0.98026 0 0 1
2.18177 -1.27323 -5.86004 0.775712 0.98026 0 0 1
-2.27316 -1.36436 -5.86004 0.790231 0.017914 0 0 1
2.27315 -1.36436 -5.86004 0.790231 1 0 0 1
-2.27316 1.34808 -5.86004 0.197559 0.017914 0 0 1
-2.27316 0.108115 -5.86004 0.395118 0.017914 0 0 1
-2.18177 1.25694 -5.86004 0.21208 0.037657 0 0 1
-2.27316 1.34808 -5.86004 0.197559 0.017914 0 0 1
-2.18177 1.25694 -5.86004 0.21208 0.037657 0 0 1
2.27315 1.34808 -5.86004 0.197559 1 0 0 1
2.27315 1.34808 -5.86004 0.197559 1 0 0 1
-2.18177 1.25694 -5.86004 0.21208 0.037657 0 0 1
2.18177 1.25694 -5.86004 0.212079 0.98026 0 0 1
2.27315 1.34808 -5.86004 0.197559 1 0 0 1
2.18177 1.25694 -5.86004 0.212079 0.98026 0 0 1
2.27315 0.108115 -5.86004 0.395117 1 0 0 1
-2.18177 1.25694 -5.86004 0.21208 0.037657 0 0 1
-2.27316 0.108115 -5.86004 0.395118 0.017914 0 0 1
-2.18177 0.108115 -5.86004 0.395117 0.037657 0 0 1
2.18177 1.25694 -5.86004 0.212079 0.98026 0 0 1
2.18177 0.108115 -5.86004 0.395117 0.98026 0 0 1
2.27315 0.108115 -5.86004 0.395117 1 0 0 1
2.27315 -1.36436 -5.86004 0.817027 0.991043 0.4125 -0.4078 0.8146
-2.27316 -1.36436 -5.86004 0.817027 0.00895703 -0.4125 -0.4078 0.8146
-2.31462 -1.40641 -5.90208 0.830425 0 -0.4095 -0.4108 0.8146
-2.27316 -1.36436 -5.86004 0.952631 0.991043 -0.4125 -0.4078 0.8146
-2.27316 -0.124409 -5.86004 0.952631 0.726897 -0.4125 0.4078 0.8146
-2.31462 -0.082364 -5.90208 0.962105 0.71794 -0.4095 0.4108 0.8146
-2.27316 -0.124409 -5.86004 0.951006 0.144856 -0.4125 0.4078 0.8146
-2.18177 -0.124409 -5.86004 0.951006 0.125113 0.4125 0.4078 0.8146
-2.1403 -0.082364 -5.90208 0.964404 0.116156 0.4095 0.4108 0.8146
-2.18177 -0.124409 -5.86004 0.971579 0.426921 0.4125 0.4078 0.8146
-2.18177 -1.27323 -5.86004 0.971579 0.182187 0.4094 0.4108 0.8146
-2.1403 -1.23119 -5.90208 0.981053 0.191144 0.4125 0.4078 0.8146
-2.18177 -1.27323 -5.86004 0.884016 1 0.4094 0.4108 0.8146
2.18177 -1.27323 -5.86004 0.884016 0.057397 -0.4094 0.4108 0.8146
2.14031 -1.23119 -5.90208 0.897414 0.066354 -0.4125 0.4078 0.8146
2.18177 -0.124409 -5.86004 0.981053 0.991043 -0.4125 0.4078 0.8146
2.14031 -0.082364 -5.90208 0.971579 1 -0.4095 0.4108 0.8146
2.14031 -1.23119 -5.90208 0.971579 0.755266 -0.4125 0.4078 0.8146
2.18177 -0.124409 -5.86004 0.977802 0.087459 -0.4125 0.4078 0.8146
2.27315 -0.124409 -5.86004 0.977802 0.107199 0.4125 0.4078 0.8146
2.31462 -0.082364 -5.90208 0.964404 0.116156 0.4095 0.4108 0.8146
2.27315 -0.124409 -5.86004 0.943158 0.426918 0.4125 0.4078 0.8146
2.27315 -1.36436 -5.86004 0.943158 0.162772 0.4125 -0.4078 0.8146
2.31462 -1.40641 -5.90208 0.952631 0.153815 0.4094 -0.4108 0.8146
2.31462 -1.40641 -5.90208 0.910812 0 0.7071 -0.7071 -0
-2.31462 -1.40641 -5.90208 0.910812 1 -0.7071 -0.7071 -0
-2.31462 -1.40641 -5.94413 0.904113 1 -0.7071 -0.7071 -0
-2.31462 -1.40641 -5.90208 0.962105 0.435878 -0.7071 -0.7071 -0
-2.31462 -0.082364 -5.90208 0.962105 0.71794 -0.7071 0.7071 -0
-2.31462 -0.082364 -5.94413 0.952631 0.717937 -0.7071 0.7071 -0
-2.31462 -0.082364 -5.90208 0.984501 0.078499 -0.7071 0.7071 -0
-2.1403 -0.082364 -5.90208 0.984501 0.116156 0.7071 0.7071 -0
-2.1403 -0.082364 -5.94413 0.977802 0.116156 0.7071 0.7071 -0
-2.1403 -0.082364 -5.90208 1 0.247885 0.7071 0.7071 -0
-2.1403 -1.23119 -5.90208 1 0.492619 0.7071 0.7071 -0
-2.1403 -1.23119 -5.94413 0.990526 0.492619 0.7071 0.7071 -0
-2.1403 -1.23119 -5.90208 0.917511 0.075311 0.7071 0.7071 -0
2.14031 -1.23119 -5.90208 0.917511 1 -0.7071 0.7071 -0
2.14031 -1.23119 -5.94413 0.910812 1 -0.7071 0.7071 -0
2.14031 -1.23119 -5.90208 1 0.501576 -0.7071 0.7071 -0
2.14031 -0.082364 -5.90208 1 0.746309 -0.7071 0.7071 -0
2.14031 -0.082364 -5.94413 0.990526 0.746309 -0.7071 0.7071 -0
2.14031 -0.082364 -5.90208 0.984977 0.454965 -0.7071 0.7071 -0
2.31462 -0.082364 -5.90208 0.984977 0.492619 0.7071 0.7071 -0
2.31462 -0.082364 -5.94413 0.978278 0.492619 0.7071 0.7071 -0
2.31462 -0.082364 -5.90208 0.962105 0.153815 0.7071 0.7071 -0
2.31462 -1.40641 -5.90208 0.962105 0.435878 0.7071 -0.7071 -0
2.31462 -1.40641 -5.94413 0.952631 0.435875 0.7071 -0.7071 -0
2.31462 -1.40641 -5.94413 0.817027 0 0.4095 -0.4108 -0.8146
-2.31462 -1.40641 -5.94413 0.817027 1 -0.4095 -0.4108 -0.8146
-2.27316 -1.36436 -5.98617 0.803629 0.991043 -0.4125 -0.4078 -0.8146
-2.31462 -1.40641 -5.94413 0.952631 0.717937 -0.4095 -0.4108 -0.8146
-2.31462 -0.082364 -5.94413 0.952631 1 -0.4094 0.4108 -0.8146
-2.27316 -0.124409 -5.98617 0.943158 0.991043 -0.4125 0.4078 -0.8146
-2.1403 -0.082364 -5.94413 0.951006 0.153812 0.4095 0.4108 -0.8146
-2.18177 -0.124409 -5.98617 0.937608 0.144856 0.4125 0.4078 -0.8146
-2.27316 -0.124409 -5.98617 0.937608 0.125113 -0.4125 0.4078 -0.8146
-2.1403 -1.23119 -5.94413 0.971579 0.708981 0.4125 0.4078 -0.8146
-2.18177 -1.27323 -5.98617 0.962105 0.71794 0.4094 0.4108 -0.8146
-2.18177 -0.124409 -5.98617 0.962105 0.473204 0.4125 0.4078 -0.8146
-2.1403 -1.23119 -5.94413 0.85722 0.066354 0.4125 0.4078 -0.8146
2.14031 -1.23119 -5.94413 0.85722 0.991043 -0.4125 0.4078 -0.8146
2.18177 -1.27323 -5.98617 0.843822 1 -0.4094 0.4108 -0.8146
2.14031 -1.23119 -5.94413 0.981053 0.991043 -0.4125 0.4078 -0.8146
2.14031 -0.082364 -5.94413 0.981053 0.746309 -0.4095 0.4108 -0.8146
2.18177 -0.124409 -5.98617 0.990526 0.755266 -0.4125 0.4078 -0.8146
2.14031 -0.082364 -5.94413 0.964404 0.078502 -0.4095 0.4108 -0.8146
2.31462 -0.082364 -5.94413 0.964404 0.116156 0.4094 0.4108 -0.8146
2.27315 -0.124409 -5.98617 0.951006 0.107199 0.4125 0.4078 -0.8146
2.31462 -1.40641 -5.94413 0.952631 0.717937 0.4095 -0.4108 -0.8146
2.27315 -1.36436 -5.98617 0.943158 0.708981 0.4125 -0.4078 -0.8146
2.27315 -0.124409 -5.98617 0.943158 0.444835 0.4125 0.4078 -0.8146
-2.27316 1.34808 -5.86004 0.830425 0.991043 -0.4125 0.4078 0.8146
2.27315 1.34808 -5.86004 0.830425 0.00895703 0.4125 0.4078 0.8146
2.31462 1.39013 -5.90208 0.843822 0 0.4095 0.4108 0.8146
2.27315 1.34808 -5.86004 0.933684 0.444832 0.4125 0.4078 0.8146
2.27315 0.108115 -5.86004 0.933684 0.708981 0.4125 -0.4078 0.8146
2.31462 0.066069 -5.90208 0.92421 0.717937 0.4094 -0.4108 0.8146
2.27315 0.108115 -5.86004 0.951006 0.087459 0.4125 -0.4078 0.8146
2.18177 0.108115 -5.86004 0.951006 0.107199 -0.4125 -0.4078 0.8146
2.14031 0.066069 -5.90208 0.937608 0.116156 -0.4095 -0.4108 0.8146
2.18177 0.108115 -5.86004 0.981053 0.737353 -0.4125 -0.4078 0.8146
2.18177 1.25694 -5.86004 0.981053 0.492619 -0.4094 -0.4108 0.8146
2.14031 1.2149 -5.90208 0.990526 0.501576 -0.4125 -0.4078 0.8146
2.18177 1.25694 -5.86004 0.870618 0.057397 -0.4094 -0.4108 0.8146
-2.18177 1.25694 -5.86004 0.870618 1 0.4094 -0.4108 0.8146
-2.1403 1.2149 -5.90208 0.85722 0.991043 0.4125 -0.4078 0.8146
-2.18177 0.108115 -5.86004 0.971579 0.991043 0.4125 -0.4078 0.8146
-2.1403 0.066069 -5.90208 0.962105 1 0.4095 -0.4108 0.8146
-2.1403 1.2149 -5.90208 0.962105 0.755266 0.4125 -0.4078 0.8146
-2.27316 0.108115 -5.86004 0.937608 0.144856 -0.4125 -0.4078 0.8146
-2.31462 0.066069 -5.90208 0.92421 0.153812 -0.4095 -0.4108 0.8146
-2.1403 0.066069 -5.90208 0.92421 0.116156 0.4095 -0.4108 0.8146
-2.27316 0.108115 -5.86004 0.933684 0.991043 -0.4125 -0.4078 0.8146
-2.27316 1.34808 -5.86004 0.933684 0.726894 -0.4125 0.4078 0.8146
-2.31462 1.39013 -5.90208 0.943158 0.717937 -0.4094 0.4108 0.8146
-2.31462 1.39013 -5.90208 0.904113 0 -0.7071 0.7071 -0
2.31462 1.39013 -5.90208 0.904113 1 0.7071 0.7071 -0
2.31462 1.39013 -5.94413 0.897414 1 0.7071 0.7071 -0
2.31462 1.39013 -5.90208 0.943158 0.153812 0.7071 0.7071 -0
2.31462 0.066069 -5.90208 0.943158 0.435875 0.7071 -0.7071 -0
2.31462 0.066069 -5.94413 0.933684 0.435875 0.7071 -0.7071 -0
2.31462 0.066069 -5.90208 0.977802 0.153812 0.7071 -0.7071 -0
2.14031 0.066069 -5.90208 0.977802 0.116156 -0.7071 -0.7071 -0
2.14031 0.066069 -5.94413 0.984501 0.116156 -0.7071 -0.7071 -0
2.14031 0.066069 -5.90208 0.990526 0.191144 -0.7071 -0.7071 -0
2.14031 1.2149 -5.90208 0.990526 0.435878 -0.7071 -0.7071 -0
2.14031 1.2149 -5.94413 0.981053 0.435878 -0.7071 -0.7071 -0
2.14031 1.2149 -5.90208 0.917511 1 -0.7071 -0.7071 -0
-2.1403 1.2149 -5.90208 0.917511 0.075311 0.7071 -0.7071 -0
-2.1403 1.2149 -5.94413 0.92421 0.075311 0.7071 -0.7071 -0
-2.1403 1.2149 -5.90208 1 0.755266 0.7071 -0.7071 -0
-2.1403 0.066069 -5.90208 1 1 0.7071 -0.7071 -0
-2.1403 0.066069 -5.94413 0.990526 1 0.7071 -0.7071 -0
-2.1403 0.066069 -5.90208 0.971579 0.492619 0.7071 -0.7071 -0
-2.31462 0.066069 -5.90208 0.971579 0.454962 -0.7071 -0.7071 -0
-2.31462 0.066069 -5.94413 0.978278 0.454962 -0.7071 -0.7071 -0
-2.31462 0.066069 -5.90208 0.943158 0.435875 -0.7071 -0.7071 -0
-2.31462 1.39013 -5.90208 0.943158 0.717937 -0.7071 0.7071 -0
-2.31462 1.39013 -5.94413 0.933684 0.717937 -0.7071 0.7071 -0
-2.31462 1.39013 -5.94413 0.803629 0 -0.4095 0.4108 -0.8146
2.31462 1.39013 -5.94413 0.803629 1 0.4095 0.4108 -0.8146
2.27315 1.34808 -5.98617 0.790231 0.991043 0.4125 0.4078 -0.8146
2.31462 1.39013 -5.94413 0.92421 0.435875 0.4095 0.4108 -0.8146
2.31462 0.066069 -5.94413 0.92421 0.153812 0.4094 -0.4108 -0.8146
2.27315 0.108115 -5.98617 0.933684 0.162769 0.4125 -0.4078 -0.8146
2.31462 0.066069 -5.94413 0.977802 0.116156 0.4094 -0.4108 -0.8146
2.14031 0.066069 -5.94413 0.977802 0.153812 -0.4094 -0.4108 -0.8146
2.18177 0.108115 -5.98617 0.964404 0.144856 -0.4125 -0.4078 -0.8146
2.14031 1.2149 -5.94413 0.971579 0.426921 -0.4125 -0.4078 -0.8146
2.18177 1.25694 -5.98617 0.962105 0.435878 -0.4095 -0.4108 -0.8146
2.18177 0.108115 -5.98617 0.962105 0.191144 -0.4125 -0.4078 -0.8146
2.14031 1.2149 -5.94413 0.870618 0.991043 -0.4125 -0.4078 -0.8146
-2.1403 1.2149 -5.94413 0.870618 0.066354 0.4125 -0.4078 -0.8146
-2.18177 1.25694 -5.98617 0.884016 0.057397 0.4095 -0.4108 -0.8146
-2.1403 1.2149 -5.94413 0.971579 0.737353 0.4125 -0.4078 -0.8146
-2.1403 0.066069 -5.94413 0.971579 0.492619 0.4094 -0.4108 -0.8146
-2.18177 0.108115 -5.98617 0.981053 0.501576 0.4125 -0.4078 -0.8146
-2.1403 0.066069 -5.94413 0.937608 0.078499 0.4094 -0.4108 -0.8146
-2.31462 0.066069 -5.94413 0.937608 0.116156 -0.4094 -0.4108 -0.8146
-2.27316 0.108115 -5.98617 0.92421 0.107199 -0.4125 -0.4078 -0.8146
-2.31462 1.39013 -5.94413 0.933684 1 -0.4095 0.4108 -0.8146
-2.27316 1.34808 -5.98617 0.92421 0.991043 -0.4125 0.4078 -0.8146
-2.27316 0.108115 -5.98617 0.92421 0.726894 -0.4125 -0.4078 -0.8146
2.27315 -1.36436 -5.86004 0.817027 0.991043 0.4125 -0.4078 0.8146
-2.31462 -1.40641 -5.90208 0.830425 0 -0.4095 -0.4108 0.8146
2.31462 -1.40641 -5.90208 0.830425 1 0.4094 -0.4108 0.8146
-2.27316 -1.36436 -5.86004 0.952631 0.991043 -0.4125 -0.4078 0.8146
-2.31462 -0.082364 -5.90208 0.962105 0.71794 -0.4095 0.4108 0.8146
-2.31462 -1.40641 -5.90208 0.962105 1 -0.4095 -0.4108 0.8146
-2.27316 -0.124409 -5.86004 0.951006 0.144856 -0.4125 0.4078 0.8146
-2.1403 -0.082364 -5.90208 0.964404 0.116156 0.4095 0.4108 0.8146
-2.31462 -0.082364 -5.90208 0.964404 0.153812 -0.4095 0.4108 0.8146
-2.18177 -0.124409 -5.86004 0.971579 0.426921 0.4125 0.4078 0.8146
-2.1403 -1.23119 -5.90208 0.981053 0.191144 0.4125 0.4078 0.8146
-2.1403 -0.082364 -5.90208 0.981053 0.435878 0.4095 0.4108 0.8146
-2.18177 -1.27323 -5.86004 0.884016 1 0.4094 0.4108 0.8146
2.14031 -1.23119 -5.90208 0.897414 0.066354 -0.4125 0.4078 0.8146
-2.1403 -1.23119 -5.90208 0.897414 0.991043 0.4125 0.4078 0.8146
2.18177 -0.124409 -5.86004 0.981053 0.991043 -0.4125 0.4078 0.8146
2.14031 -1.23119 -5.90208 0.971579 0.755266 -0.4125 0.4078 0.8146
2.18177 -1.27323 -5.86004 0.981053 0.746309 -0.4094 0.4108 0.8146
2.18177 -0.124409 -5.86004 0.977802 0.087459 -0.4125 0.4078 0.8146
2.31462 -0.082364 -5.90208 0.964404 0.116156 0.4095 0.4108 0.8146
2.14031 -0.082364 -5.90208 0.964404 0.078502 -0.4095 0.4108 0.8146
2.27315 -0.124409 -5.86004 0.943158 0.426918 0.4125 0.4078 0.8146
2.31462 -1.40641 -5.90208 0.952631 0.153815 0.4094 -0.4108 0.8146
2.31462 -0.082364 -5.90208 0.952631 0.435875 0.4095 0.4108 0.8146
2.31462 -1.40641 -5.90208 0.910812 0 0.7071 -0.7071 -0
-2.31462 -1.40641 -5.94413 0.904113 1 -0.7071 -0.7071 -0
2.31462 -1.40641 -5.94413 0.904113 0 0.7071 -0.7071 -0
-2.31462 -1.40641 -5.90208 0.962105 0.435878 -0.7071 -0.7071 -0
-2.31462 -0.082364 -5.94413 0.952631 0.717937 -0.7071 0.7071 -0
-2.31462 -1.40641 -5.94413 0.952631 0.435875 -0.7071 -0.7071 -0
-2.31462 -0.082364 -5.90208 0.984501 0.078499 -0.7071 0.7071 -0
-2.1403 -0.082364 -5.94413 0.977802 0.116156 0.7071 0.7071 -0
-2.31462 -0.082364 -5.94413 0.977802 0.078499 -0.7071 0.7071 -0
-2.1403 -0.082364 -5.90208 1 0.247885 0.7071 0.7071 -0
-2.1403 -1.23119 -5.94413 0.990526 0.492619 0.7071 0.7071 -0
-2.1403 -0.082364 -5.94413 0.990526 0.247885 0.7071 0.7071 -0
-2.1403 -1.23119 -5.90208 0.917511 0.075311 0.7071 0.7071 -0
2.14031 -1.23119 -5.94413 0.910812 1 -0.7071 0.7071 -0
-2.1403 -1.23119 -5.94413 0.910812 0.075311 0.7071 0.7071 -0
2.14031 -1.23119 -5.90208 1 0.501576 -0.7071 0.7071 -0
2.14031 -0.082364 -5.94413 0.990526 0.746309 -0.7071 0.7071 -0
2.14031 -1.23119 -5.94413 0.990526 0.501576 -0.7071 0.7071 -0
2.14031 -0.082364 -5.90208 0.984977 0.454965 -0.7071 0.7071 -0
2.31462 -0.082364 -5.94413 0.978278 0.492619 0.7071 0.7071 -0
2.14031 -0.082364 -5.94413 0.978278 0.454962 -0.7071 0.7071 -0
2.31462 -0.082364 -5.90208 0.962105 0.153815 0.7071 0.7071 -0
2.31462 -1.40641 -5.94413 0.952631 0.435875 0.7071 -0.7071 -0
2.31462 -0.082364 -5.94413 0.952631 0.153815 0.7071 0.7071 -0
2.31462 -1.40641 -5.94413 0.817027 0 0.4095 -0.4108 -0.8146
-2.27316 -1.36436 -5.98617 0.803629 0.991043 -0.4125 -0.4078 -0.8146
2.27315 -1.36436 -5.98617 0.803629 0.00895703 0.4125 -0.4078 -0.8146
-2.31462 -1.40641 -5.94413 0.952631 0.717937 -0.4095 -0.4108 -0.8146
-2.27316 -0.124409 -5.98617 0.943158 0.991043 -0.4125 0.4078 -0.8146
-2.27316 -1.36436 -5.98617 0.943158 0.726897 -0.4125 -0.4078 -0.8146
-2.1403 -0.082364 -5.94413 0.951006 0.153812 0.4095 0.4108 -0.8146
-2.27316 -0.124409 -5.98617 0.937608 0.125113 -0.4125 0.4078 -0.8146
-2.31462 -0.082364 -5.94413 0.951006 0.116156 -0.4094 0.4108 -0.8146
-2.1403 -1.23119 -5.94413 0.971579 0.708981 0.4125 0.4078 -0.8146
-2.18177 -0.124409 -5.98617 0.962105 0.473204 0.4125 0.4078 -0.8146
-2.1403 -0.082364 -5.94413 0.971579 0.464247 0.4095 0.4108 -0.8146
-2.1403 -1.23119 -5.94413 0.85722 0.066354 0.4125 0.4078 -0.8146
2.18177 -1.27323 -5.98617 0.843822 1 -0.4094 0.4108 -0.8146
-2.18177 -1.27323 -5.98617 0.843823 0.057397 0.4094 0.4108 -0.8146
2.14031 -1.23119 -5.94413 0.981053 0.991043 -0.4125 0.4078 -0.8146
2.18177 -0.124409 -5.98617 0.990526 0.755266 -0.4125 0.4078 -0.8146
2.18177 -1.27323 -5.98617 0.990526 1 -0.4094 0.4108 -0.8146
2.14031 -0.082364 -5.94413 0.964404 0.078502 -0.4095 0.4108 -0.8146
2.27315 -0.124409 -5.98617 0.951006 0.107199 0.4125 0.4078 -0.8146
2.18177 -0.124409 -5.98617 0.951006 0.087459 -0.4125 0.4078 -0.8146
2.31462 -1.40641 -5.94413 0.952631 0.717937 0.4095 -0.4108 -0.8146
2.27315 -0.124409 -5.98617 0.943158 0.444835 0.4125 0.4078 -0.8146
2.31462 -0.082364 -5.94413 0.952631 0.435875 0.4094 0.4108 -0.8146
-2.27316 1.34808 -5.86004 0.830425 0.991043 -0.4125 0.4078 0.8146
2.31462 1.39013 -5.90208 0.843822 0 0.4095 0.4108 0.8146
-2.31462 1.39013 -5.90208 0.843822 1 -0.4094 0.4108 0.8146
2.27315 1.34808 -5.86004 0.933684 0.444832 0.4125 0.4078 0.8146
2.31462 0.066069 -5.90208 0.92421 0.717937 0.4094 -0.4108 0.8146
2.31462 1.39013 -5.90208 0.92421 0.435875 0.4095 0.4108 0.8146
2.27315 0.108115 -5.86004 0.951006 0.087459 0.4125 -0.4078 0.8146
2.14031 0.066069 -5.90208 0.937608 0.116156 -0.4095 -0.4108 0.8146
2.31462 0.066069 -5.90208 0.937608 0.078499 0.4094 -0.4108 0.8146
2.18177 0.108115 -5.86004 0.981053 0.737353 -0.4125 -0.4078 0.8146
2.14031 1.2149 -5.90208 0.990526 0.501576 -0.4125 -0.4078 0.8146
2.14031 0.066069 -5.90208 0.990526 0.746309 -0.4095 -0.4108 0.8146
2.18177 1.25694 -5.86004 0.870618 0.057397 -0.4094 -0.4108 0.8146
-2.1403 1.2149 -5.90208 0.85722 0.991043 0.4125 -0.4078 0.8146
2.14031 1.2149 -5.90208 0.85722 0.066354 -0.4125 -0.4078 0.8146
-2.18177 0.108115 -5.86004 0.971579 0.991043 0.4125 -0.4078 0.8146
-2.1403 1.2149 -5.90208 0.962105 0.755266 0.4125 -0.4078 0.8146
-2.18177 1.25694 -5.86004 0.971579 0.746309 0.4094 -0.4108 0.8146
-2.27316 0.108115 -5.86004 0.937608 0.144856 -0.4125 -0.4078 0.8146
-2.1403 0.066069 -5.90208 0.92421 0.116156 0.4095 -0.4108 0.8146
-2.18177 0.108115 -5.86004 0.937608 0.125113 0.4125 -0.4078 0.8146
-2.27316 0.108115 -5.86004 0.933684 0.991043 -0.4125 -0.4078 0.8146
-2.31462 1.39013 -5.90208 0.943158 0.717937 -0.4094 0.4108 0.8146
-2.31462 0.066069 -5.90208 0.943158 1 -0.4095 -0.4108 0.8146
-2.31462 1.39013 -5.90208 0.904113 0 -0.7071 0.7071 -0
2.31462 1.39013 -5.94413 0.897414 1 0.7071 0.7071 -0
-2.31462 1.39013 -5.94413 0.897414 0 -0.7071 0.7071 -0
2.31462 1.39013 -5.90208 0.943158 0.153812 0.7071 0.7071 -0
2.31462 0.066069 -5.94413 0.933684 0.435875 0.7071 -0.7071 -0
2.31462 1.39013 -5.94413 0.933684 0.153812 0.7071 0.7071 -0
2.31462 0.066069 -5.90208 0.977802 0.153812 0.7071 -0.7071 -0
2.14031 0.066069 -5.94413 0.984501 0.116156 -0.7071 -0.7071 -0
2.31462 0.066069 -5.94413 0.984501 0.153812 0.7071 -0.7071 -0
2.14031 0.066069 -5.90208 0.990526 0.191144 -0.7071 -0.7071 -0
2.14031 1.2149 -5.94413 0.981053 0.435878 -0.7071 -0.7071 -0
2.14031 0.066069 -5.94413 0.981053 0.191144 -0.7071 -0.7071 -0
2.14031 1.2149 -5.90208 0.917511 1 -0.7071 -0.7071 -0
-2.1403 1.2149 -5.94413 0.92421 0.075311 0.7071 -0.7071 -0
2.14031 1.2149 -5.94413 0.92421 1 -0.7071 -0.7071 -0
-2.1403 1.2149 -5.90208 1 0.755266 0.7071 -0.7071 -0
-2.1403 0.066069 -5.94413 0.990526 1 0.7071 -0.7071 -0
-2.1403 1.2149 -5.94413 0.990526 0.755266 0.7071 -0.7071 -0
-2.1403 0.066069 -5.90208 0.971579 0.492619 0.7071 -0.7071 -0
-2.31462 0.066069 -5.94413 0.978278 0.454962 -0.7071 -0.7071 -0
-2.1403 0.066069 -5.94413 0.978278 0.492619 0.7071 -0.7071 -0
-2.31462 0.066069 -5.90208 0.943158 0.435875 -0.7071 -0.7071 -0
-2.31462 1.39013 -5.94413 0.933684 0.717937 -0.7071 0.7071 -0
-2.31462 0.066069 -5.94413 0.933684 0.435875 -0.7071 -0.7071 -0
-2.31462 1.39013 -5.94413 0.803629 0 -0.4095 0.4108 -0.8146
2.27315 1.34808 -5.98617 0.790231 0.991043 0.4125 0.4078 -0.8146
-2.27316 1.34808 -5.98617 0.790231 0.00895703 -0.4125 0.4078 -0.8146
2.31462 1.39013 -5.94413 0.92421 0.435875 0.4095 0.4108 -0.8146
2.27315 0.108115 -5.98617 0.933684 0.162769 0.4125 -0.4078 -0.8146
2.27315 1.34808 -5.98617 0.933684 0.426918 0.4125 0.4078 -0.8146
2.31462 0.066069 -5.94413 0.977802 0.116156 0.4094 -0.4108 -0.8146
2.18177 0.108115 -5.98617 0.964404 0.144856 -0.4125 -0.4078 -0.8146
2.27315 0.108115 -5.98617 0.964404 0.125115 0.4125 -0.4078 -0.8146
2.14031 1.2149 -5.94413 0.971579 0.426921 -0.4125 -0.4078 -0.8146
2.18177 0.108115 -5.98617 0.962105 0.191144 -0.4125 -0.4078 -0.8146
2.14031 0.066069 -5.94413 0.971579 0.182187 -0.4094 -0.4108 -0.8146
2.14031 1.2149 -5.94413 0.870618 0.991043 -0.4125 -0.4078 -0.8146
-2.18177 1.25694 -5.98617 0.884016 0.057397 0.4095 -0.4108 -0.8146
2.18177 1.25694 -5.98617 0.884016 1 -0.4095 -0.4108 -0.8146
-2.1403 1.2149 -5.94413 0.971579 0.737353 0.4125 -0.4078 -0.8146
-2.18177 0.108115 -5.98617 0.981053 0.501576 0.4125 -0.4078 -0.8146
-2.18177 1.25694 -5.98617 0.981053 0.746309 0.4095 -0.4108 -0.8146
-2.1403 0.066069 -5.94413 0.937608 0.078499 0.4094 -0.4108 -0.8146
-2.27316 0.108115 -5.98617 0.92421 0.107199 -0.4125 -0.4078 -0.8146
-2.18177 0.108115 -5.98617 0.92421 0.087456 0.4125 -0.4078 -0.8146
-2.31462 1.39013 -5.94413 0.933684 1 -0.4095 0.4108 -0.8146
-2.27316 0.108115 -5.98617 0.92421 0.726894 -0.4125 -0.4078 -0.8146
-2.31462 0.066069 -5.94413 0.933684 0.717937 -0.4094 -0.4108 -0.8146
