Vertex Count: 606

Data:

-1.92224 1.0801 -5.9962 7.7e-005 5.79953e-005 -0.1523 0.2484 -0.9566
-1.92641 1.0839 -5.99355 7.7e-005 5.79953e-005 -0.1371 0.5102 -0.849
1.92395 1.0839 -5.99355 7.7e-005 5.79953e-005 0.1022 0.5416 -0.8344
2.033 1.14607 -5.88213 7.7e-005 5.79953e-005 0.1586 0.9616 -0.2241
2.0301 1.14468 -5.88808 7.7e-005 5.79953e-005 0.1441 0.9285 -0.3421
-2.03247 1.14468 -5.88808 7.7e-005 5.79953e-005 -0.2116 0.9035 -0.3728
1.92395 1.0839 -5.99355 7.7e-005 5.79953e-005 0.1022 0.5416 -0.8344
1.92824 1.08476 -5.99211 7.7e-005 5.79953e-005 0.2234 0.4311 -0.8742
1.92674 1.0824 -5.99355 7.7e-005 5.79953e-005 0.3452 0.1919 -0.9187
-1.96801 1.10422 -5.96782 7.7e-005 5.79953e-005 -0.5573 0.1668 -0.8133
-1.96689 1.10582 -5.96782 7.7e-005 5.79953e-005 -0.4611 0.3232 -0.8264
-1.93592 1.08826 -5.98877 7.7e-005 5.79953e-005 -0.3953 0.2745 -0.8766
2.038 1.14491 -5.87775 7.7e-005 5.79953e-005 0.8892 0.455 0.0481
2.03667 1.14582 -5.87509 7.7e-005 5.79953e-005 0.479 0.5719 0.6659
2.03667 -1.14752 -5.87509 7.7e-005 5.79953e-005 0.4545 -0.6361 0.6235
2.03504 1.14648 -5.87775 7.7e-005 5.79953e-005 0.2079 0.9781 -0.0067
-2.03765 1.14648 -5.87775 7.7e-005 5.79953e-005 -0.3063 0.9505 -0.0513
-2.03919 1.14582 -5.87509 7.7e-005 5.79953e-005 -0.5839 0.5448 0.6019
2.038 1.14491 -5.87775 7.7e-005 5.79953e-005 0.8892 0.455 0.0481
2.03635 1.14558 -5.87919 7.7e-005 5.79953e-005 0.4715 0.8523 -0.2266
2.03504 1.14648 -5.87775 7.7e-005 5.79953e-005 0.2079 0.9781 -0.0067
-2.03429 1.14368 -5.88818 7.7e-005 5.79953e-005 -0.4107 0.7954 -0.4457
-2.037 1.14508 -5.88252 7.7e-005 5.79953e-005 -0.4539 0.8194 -0.35
-2.03551 1.14607 -5.88213 7.7e-005 5.79953e-005 -0.2338 0.9375 -0.2577
-2.03919 -1.14752 -5.87509 7.7e-005 5.79953e-005 -0.5596 -0.608 0.5632
-2.03919 1.14582 -5.87509 7.7e-005 5.79953e-005 -0.5839 0.5448 0.6019
-2.03949 1.14491 -5.87775 7.7e-005 5.79953e-005 -0.9184 0.3648 -0.1529
-2.03818 1.14558 -5.87919 7.7e-005 5.79953e-005 -0.6207 0.7166 -0.3182
-2.03765 1.14648 -5.87775 7.7e-005 5.79953e-005 -0.3063 0.9505 -0.0513
-2.03551 1.14607 -5.88213 7.7e-005 5.79953e-005 -0.2338 0.9375 -0.2577
1.96576 1.10582 -5.96782 7.7e-005 5.79953e-005 0.3886 0.4358 -0.8118
1.96756 1.10422 -5.96782 7.7e-005 5.79953e-005 0.5349 0.2321 -0.8124
1.94552 1.09194 -5.98321 7.7e-005 5.79953e-005 0.4554 0.1925 -0.8692
2.0355 1.14508 -5.88252 7.7e-005 5.79953e-005 0.5963 0.7148 -0.3654
2.03734 1.14375 -5.88213 7.7e-005 5.79953e-005 0.863 0.3896 -0.3215
2.0349 1.14211 -5.88808 7.7e-005 5.79953e-005 0.7965 0.3507 -0.4924
2.03635 1.14558 -5.87919 7.7e-005 5.79953e-005 0.4715 0.8523 -0.2266
2.038 1.14491 -5.87775 7.7e-005 5.79953e-005 0.8892 0.455 0.0481
2.03734 1.14375 -5.88213 7.7e-005 5.79953e-005 0.863 0.3896 -0.3215
2.03305 -1.14453 -5.88818 7.7e-005 5.79953e-005 0.3763 -0.8067 -0.4556
2.02386 -1.13929 -5.90347 7.7e-005 5.79953e-005 0.3476 -0.7455 -0.5687
2.02571 -1.13843 -5.90347 7.7e-005 5.79953e-005 0.6612 -0.4252 -0.6179
-2.03429 1.14368 -5.88818 7.7e-005 5.79953e-005 -0.8069 0.2569 -0.5319
-2.02617 1.13686 -5.90347 7.7e-005 5.79953e-005 -0.7592 0.2281 -0.6095
-2.03822 1.14375 -5.88213 7.7e-005 5.79953e-005 -0.871 0.2756 -0.4068
2.02386 1.1385 -5.90347 7.7e-005 5.79953e-005 0.2651 0.8268 -0.4962
2.02077 1.1395 -5.90347 7.7e-005 5.79953e-005 0.1357 0.882 -0.4512
2.0301 1.14468 -5.88808 7.7e-005 5.79953e-005 0.1441 0.9285 -0.3421
-2.02617 -1.13843 -5.90347 7.7e-005 5.79953e-005 -0.7109 -0.3518 -0.609
-2.02501 -1.13929 -5.90347 7.7e-005 5.79953e-005 -0.4779 -0.6405 -0.6011
-2.037 -1.1461 -5.88252 7.7e-005 5.79953e-005 -0.5215 -0.7165 -0.4633
2.03635 -1.14683 -5.87919 7.7e-005 5.79953e-005 0.2723 -0.9259 -0.262
2.03504 -1.1475 -5.87775 7.7e-005 5.79953e-005 0.1144 -0.9832 -0.1421
2.033 -1.14667 -5.88213 7.7e-005 5.79953e-005 0.0784 -0.9607 -0.2662
-2.03551 -1.14667 -5.88213 7.7e-005 5.79953e-005 -0.1293 -0.9448 -0.3009
2.033 -1.14667 -5.88213 7.7e-005 5.79953e-005 0.0784 -0.9607 -0.2662
2.03504 -1.1475 -5.87775 7.7e-005 5.79953e-005 0.1144 -0.9832 -0.1421
1.93129 1.08874 -5.98916 7.7e-005 5.79953e-005 0.0869 0.64 -0.7634
-1.93367 1.08874 -5.98916 7.7e-005 5.79953e-005 -0.1249 0.6103 -0.7822
-1.96501 1.10679 -5.96782 7.7e-005 5.79953e-005 -0.1474 0.7051 -0.6935
-2.03818 -1.14683 -5.87919 7.7e-005 5.79953e-005 -0.3984 -0.8572 -0.3263
-2.03949 -1.14668 -5.87775 7.7e-005 5.79953e-005 -0.857 -0.4823 -0.1812
-2.03822 -1.14546 -5.88213 7.7e-005 5.79953e-005 -0.8056 -0.4047 -0.4327
-2.02501 -1.13929 -5.90347 7.7e-005 5.79953e-005 -0.2292 -0.8533 -0.4683
-2.02309 -1.13981 -5.90347 7.7e-005 5.79953e-005 -0.1174 -0.893 -0.4343
-2.03551 -1.14667 -5.88213 7.7e-005 5.79953e-005 -0.1293 -0.9448 -0.3009
1.96576 1.10582 -5.96782 7.7e-005 5.79953e-005 0.2153 0.6713 -0.7092
1.96276 1.10679 -5.96782 7.7e-005 5.79953e-005 0.1042 0.7439 -0.6601
1.98054 1.11681 -5.95174 7.7e-005 5.79953e-005 0.1216 0.8185 -0.5614
-1.92224 1.0801 -5.9962 0 0 -0.1523 0.2484 -0.9566
1.91987 1.0801 -5.9962 1 0 0.1311 0.2541 -0.9582
1.91987 -1.08171 -5.9962 1 1 0.1271 -0.2958 -0.9467
1.98054 1.11681 -5.95174 7.7e-005 5.79953e-005 0.1216 0.8185 -0.5614
1.96276 1.10679 -5.96782 7.7e-005 5.79953e-005 0.1042 0.7439 -0.6601
-1.96501 1.10679 -5.96782 7.7e-005 5.79953e-005 -0.1474 0.7051 -0.6935
-2.02309 -1.13981 -5.90347 7.7e-005 5.79953e-005 -0.1174 -0.893 -0.4343
2.02077 -1.13981 -5.90347 7.7e-005 5.79953e-005 0.0739 -0.9074 -0.4136
2.033 -1.14667 -5.88213 7.7e-005 5.79953e-005 0.0784 -0.9607 -0.2662
2.02077 -1.13981 -5.90347 7.7e-005 5.79953e-005 0.0739 -0.9074 -0.4136
-2.02309 -1.13981 -5.90347 7.7e-005 5.79953e-005 -0.1174 -0.893 -0.4343
-1.98281 -1.11712 -5.95174 7.7e-005 5.79953e-005 -0.1047 -0.8278 -0.5511
-1.96689 -1.10659 -5.96782 7.7e-005 5.79953e-005 -0.1951 -0.6955 -0.6915
-1.96501 -1.10709 -5.96782 7.7e-005 5.79953e-005 -0.0934 -0.7624 -0.6403
-1.98281 -1.11712 -5.95174 7.7e-005 5.79953e-005 -0.1047 -0.8278 -0.5511
-1.93367 -1.0893 -5.98916 7.7e-005 5.79953e-005 -0.0816 -0.6553 -0.7509
-1.95411 -1.10095 -5.97587 7.7e-005 5.79953e-005 -0.2022 -0.5969 -0.7764
-1.93592 -1.08923 -5.98877 7.7e-005 5.79953e-005 -0.162 -0.5944 -0.7877
2.02077 -1.13981 -5.90347 7.7e-005 5.79953e-005 0.0739 -0.9074 -0.4136
1.98054 -1.11712 -5.95174 7.7e-005 5.79953e-005 0.0692 -0.8466 -0.5276
1.98356 -1.11661 -5.95174 7.7e-005 5.79953e-005 0.1384 -0.8244 -0.5488
-1.92224 -1.08171 -5.9962 7.7e-005 5.79953e-005 -0.1481 -0.2899 -0.9455
-1.92815 -1.08407 -5.99355 7.7e-005 5.79953e-005 -0.3462 -0.2309 -0.9093
-1.92815 1.0824 -5.99355 7.7e-005 5.79953e-005 -0.3786 0.1597 -0.9116
-1.92997 1.08476 -5.99211 7.7e-005 5.79953e-005 -0.2957 0.3484 -0.8895
-1.93592 1.08826 -5.98877 7.7e-005 5.79953e-005 -0.2505 0.4994 -0.8294
-1.93367 1.08874 -5.98916 7.7e-005 5.79953e-005 -0.1249 0.6103 -0.7822
1.94552 1.09194 -5.98321 7.7e-005 5.79953e-005 0.4554 0.1925 -0.8692
1.96756 1.10422 -5.96782 7.7e-005 5.79953e-005 0.5349 0.2321 -0.8124
1.96756 -1.10575 -5.96782 7.7e-005 5.79953e-005 0.4896 -0.3209 -0.8107
2.02571 1.13686 -5.90347 7.7e-005 5.79953e-005 0.7184 0.3166 -0.6194
2.02386 1.1385 -5.90347 7.7e-005 5.79953e-005 0.5226 0.5864 -0.6189
2.03305 1.14368 -5.88818 7.7e-005 5.79953e-005 0.5772 0.6488 -0.496
-2.03822 1.14375 -5.88213 7.7e-005 5.79953e-005 -0.871 0.2756 -0.4068
-2.02617 1.13686 -5.90347 7.7e-005 5.79953e-005 -0.7592 0.2281 -0.6095
-2.02617 -1.13843 -5.90347 7.7e-005 5.79953e-005 -0.7109 -0.3518 -0.609
1.94552 -1.09348 -5.98321 7.7e-005 5.79953e-005 0.3582 -0.3745 -0.8552
1.96756 -1.10575 -5.96782 7.7e-005 5.79953e-005 0.4896 -0.3209 -0.8107
1.96576 -1.10659 -5.96782 7.7e-005 5.79953e-005 0.265 -0.579 -0.7711
1.92674 1.0824 -5.99355 7.7e-005 5.79953e-005 0.3452 0.1919 -0.9187
1.92824 1.08476 -5.99211 7.7e-005 5.79953e-005 0.2234 0.4311 -0.8742
1.9345 1.08826 -5.98877 7.7e-005 5.79953e-005 0.3665 0.2495 -0.8963
1.92824 -1.08594 -5.99211 7.7e-005 5.79953e-005 0.1548 -0.5445 -0.8244
1.9345 -1.08923 -5.98877 7.7e-005 5.79953e-005 0.1118 -0.6448 -0.7561
1.93129 -1.0893 -5.98916 7.7e-005 5.79953e-005 0.0558 -0.6786 -0.7324
-1.95411 -1.10095 -5.97587 7.7e-005 5.79953e-005 -0.2022 -0.5969 -0.7764
1.95187 -1.10095 -5.97587 7.7e-005 5.79953e-005 0.1358 -0.6636 -0.7356
1.96276 -1.10709 -5.96782 7.7e-005 5.79953e-005 0.0623 -0.7837 -0.6179
2.03667 1.14582 -5.87509 1 0 0.479 0.5719 0.6659
-2.03919 1.14582 -5.87509 0 0 -0.5839 0.5448 0.6019
-2.03919 -1.14752 -5.87509 0 1 -0.5596 -0.608 0.5632
1.95187 -1.10095 -5.97587 7.7e-005 5.79953e-005 0.1358 -0.6636 -0.7356
1.9345 -1.08923 -5.98877 7.7e-005 5.79953e-005 0.1118 -0.6448 -0.7561
1.96576 -1.10659 -5.96782 7.7e-005 5.79953e-005 0.1325 -0.7478 -0.6506
-1.92997 -1.08594 -5.99211 7.7e-005 5.79953e-005 -0.2161 -0.4772 -0.8518
-1.93592 -1.08923 -5.98877 7.7e-005 5.79953e-005 -0.3122 -0.4088 -0.8576
-1.93625 -1.08815 -5.98916 7.7e-005 5.79953e-005 -0.4259 -0.2073 -0.8807
2.02386 -1.13929 -5.90347 7.7e-005 5.79953e-005 0.3476 -0.7455 -0.5687
1.98356 -1.11661 -5.95174 7.7e-005 5.79953e-005 0.3089 -0.6627 -0.6822
1.98538 -1.11576 -5.95174 7.7e-005 5.79953e-005 0.5746 -0.374 -0.728
1.96756 1.10422 -5.96782 7.7e-005 5.79953e-005 0.5349 0.2321 -0.8124
1.96576 1.10582 -5.96782 7.7e-005 5.79953e-005 0.3886 0.4358 -0.8118
1.98356 1.11584 -5.95174 7.7e-005 5.79953e-005 0.4552 0.511 -0.7291
-1.96501 -1.10709 -5.96782 7.7e-005 5.79953e-005 -0.0934 -0.7624 -0.6403
1.96276 -1.10709 -5.96782 7.7e-005 5.79953e-005 0.0623 -0.7837 -0.6179
1.98054 -1.11712 -5.95174 7.7e-005 5.79953e-005 0.0692 -0.8466 -0.5276
-2.02309 1.1395 -5.90347 7.7e-005 5.79953e-005 -0.1978 0.8532 -0.4825
-1.98281 1.11681 -5.95174 7.7e-005 5.79953e-005 -0.1744 0.7865 -0.5924
-1.9847 1.11584 -5.95174 7.7e-005 5.79953e-005 -0.3419 0.6658 -0.6633
2.02077 1.1395 -5.90347 7.7e-005 5.79953e-005 0.1357 0.882 -0.4512
1.98054 1.11681 -5.95174 7.7e-005 5.79953e-005 0.1216 0.8185 -0.5614
-1.98281 1.11681 -5.95174 7.7e-005 5.79953e-005 -0.1744 0.7865 -0.5924
1.96756 -1.10575 -5.96782 7.7e-005 5.79953e-005 0.4896 -0.3209 -0.8107
1.96756 1.10422 -5.96782 7.7e-005 5.79953e-005 0.5349 0.2321 -0.8124
1.98538 1.11422 -5.95174 7.7e-005 5.79953e-005 0.6261 0.2742 -0.7299
-1.93625 -1.08815 -5.98916 7.7e-005 5.79953e-005 -0.4259 -0.2073 -0.8807
-1.93625 1.08653 -5.98916 7.7e-005 5.79953e-005 -0.4585 0.1374 -0.878
-1.92815 1.0824 -5.99355 7.7e-005 5.79953e-005 -0.3786 0.1597 -0.9116
1.93129 -1.0893 -5.98916 7.7e-005 5.79953e-005 0.0558 -0.6786 -0.7324
-1.95411 -1.10095 -5.97587 7.7e-005 5.79953e-005 -0.2022 -0.5969 -0.7764
1.92395 -1.08486 -5.99355 7.7e-005 5.79953e-005 0.07 -0.6161 -0.7845
2.02571 -1.13843 -5.90347 7.7e-005 5.79953e-005 0.6612 -0.4252 -0.6179
2.02571 1.13686 -5.90347 7.7e-005 5.79953e-005 0.7184 0.3166 -0.6194
2.0349 1.14211 -5.88808 7.7e-005 5.79953e-005 0.7965 0.3507 -0.4924
-1.92997 1.08476 -5.99211 7.7e-005 5.79953e-005 -0.2957 0.3484 -0.8895
-1.92815 1.0824 -5.99355 7.7e-005 5.79953e-005 -0.3786 0.1597 -0.9116
-1.93625 1.08653 -5.98916 7.7e-005 5.79953e-005 -0.4585 0.1374 -0.878
-1.96501 1.10679 -5.96782 7.7e-005 5.79953e-005 -0.1474 0.7051 -0.6935
-1.93367 1.08874 -5.98916 7.7e-005 5.79953e-005 -0.1249 0.6103 -0.7822
-1.93592 1.08826 -5.98877 7.7e-005 5.79953e-005 -0.2505 0.4994 -0.8294
1.98054 -1.11712 -5.95174 7.7e-005 5.79953e-005 0.0692 -0.8466 -0.5276
1.96276 -1.10709 -5.96782 7.7e-005 5.79953e-005 0.0623 -0.7837 -0.6179
1.96576 -1.10659 -5.96782 7.7e-005 5.79953e-005 0.1325 -0.7478 -0.6506
1.96276 1.10679 -5.96782 7.7e-005 5.79953e-005 0.1042 0.7439 -0.6601
1.96576 1.10582 -5.96782 7.7e-005 5.79953e-005 0.2153 0.6713 -0.7092
1.94395 1.09356 -5.98312 7.7e-005 5.79953e-005 0.066 0.7102 -0.7009
-2.03818 1.14558 -5.87919 7.7e-005 5.79953e-005 -0.6207 0.7166 -0.3182
-2.037 1.14508 -5.88252 7.7e-005 5.79953e-005 -0.7247 0.5441 -0.4228
-2.03822 1.14375 -5.88213 7.7e-005 5.79953e-005 -0.871 0.2756 -0.4068
-2.03822 -1.14546 -5.88213 7.7e-005 5.79953e-005 -0.8056 -0.4047 -0.4327
-2.03949 -1.14668 -5.87775 7.7e-005 5.79953e-005 -0.857 -0.4823 -0.1812
-2.03949 1.14491 -5.87775 7.7e-005 5.79953e-005 -0.9184 0.3648 -0.1529
2.02077 1.1395 -5.90347 7.7e-005 5.79953e-005 0.1357 0.882 -0.4512
2.02386 1.1385 -5.90347 7.7e-005 5.79953e-005 0.2651 0.8268 -0.4962
1.98356 1.11584 -5.95174 7.7e-005 5.79953e-005 0.2418 0.7538 -0.611
-1.92997 -1.08594 -5.99211 7.7e-005 5.79953e-005 -0.2161 -0.4772 -0.8518
-1.92641 -1.08486 -5.99355 7.7e-005 5.79953e-005 -0.1006 -0.588 -0.8025
-1.93367 -1.0893 -5.98916 7.7e-005 5.79953e-005 -0.0816 -0.6553 -0.7509
-1.93625 -1.08815 -5.98916 7.7e-005 5.79953e-005 -0.4259 -0.2073 -0.8807
-1.93592 -1.08923 -5.98877 7.7e-005 5.79953e-005 -0.3122 -0.4088 -0.8576
-1.96689 -1.10659 -5.96782 7.7e-005 5.79953e-005 -0.351 -0.47 -0.8099
-1.96801 -1.10575 -5.96782 7.7e-005 5.79953e-005 -0.5183 -0.2548 -0.8163
-1.96689 -1.10659 -5.96782 7.7e-005 5.79953e-005 -0.351 -0.47 -0.8099
-1.9847 -1.11661 -5.95174 7.7e-005 5.79953e-005 -0.4152 -0.5568 -0.7195
1.98538 1.11422 -5.95174 7.7e-005 5.79953e-005 0.6261 0.2742 -0.7299
1.98356 1.11584 -5.95174 7.7e-005 5.79953e-005 0.4552 0.511 -0.7291
2.02386 1.1385 -5.90347 7.7e-005 5.79953e-005 0.5226 0.5864 -0.6189
2.02077 -1.13981 -5.90347 7.7e-005 5.79953e-005 0.0739 -0.9074 -0.4136
2.02386 -1.13929 -5.90347 7.7e-005 5.79953e-005 0.1487 -0.8859 -0.4394
2.03305 -1.14453 -5.88818 7.7e-005 5.79953e-005 0.0724 -0.9391 -0.3358
-2.03818 -1.14683 -5.87919 7.7e-005 5.79953e-005 -0.3984 -0.8572 -0.3263
-2.037 -1.1461 -5.88252 7.7e-005 5.79953e-005 -0.2536 -0.8996 -0.3556
-2.03551 -1.14667 -5.88213 7.7e-005 5.79953e-005 -0.1293 -0.9448 -0.3009
-1.9847 1.11584 -5.95174 7.7e-005 5.79953e-005 -0.5497 0.3855 -0.7411
-1.96689 1.10582 -5.96782 7.7e-005 5.79953e-005 -0.4611 0.3232 -0.8264
-1.96801 1.10422 -5.96782 7.7e-005 5.79953e-005 -0.5573 0.1668 -0.8133
2.03504 1.14648 -5.87775 7.7e-005 5.79953e-005 0.2079 0.9781 -0.0067
2.033 1.14607 -5.88213 7.7e-005 5.79953e-005 0.1586 0.9616 -0.2241
-2.03551 1.14607 -5.88213 7.7e-005 5.79953e-005 -0.2338 0.9375 -0.2577
-2.03765 1.14648 -5.87775 7.7e-005 5.79953e-005 -0.3063 0.9505 -0.0513
-2.03818 1.14558 -5.87919 7.7e-005 5.79953e-005 -0.6207 0.7166 -0.3182
-2.03949 1.14491 -5.87775 7.7e-005 5.79953e-005 -0.9184 0.3648 -0.1529
-1.92815 1.0824 -5.99355 7.7e-005 5.79953e-005 -0.3786 0.1597 -0.9116
-1.92997 1.08476 -5.99211 7.7e-005 5.79953e-005 -0.2957 0.3484 -0.8895
-1.92641 1.0839 -5.99355 7.7e-005 5.79953e-005 -0.1371 0.5102 -0.849
2.033 1.14607 -5.88213 7.7e-005 5.79953e-005 0.1586 0.9616 -0.2241
2.0355 1.14508 -5.88252 7.7e-005 5.79953e-005 0.3148 0.9062 -0.2825
2.03305 1.14368 -5.88818 7.7e-005 5.79953e-005 0.2834 0.876 -0.3903
2.03635 1.14558 -5.87919 7.7e-005 5.79953e-005 0.4715 0.8523 -0.2266
2.0355 1.14508 -5.88252 7.7e-005 5.79953e-005 0.3148 0.9062 -0.2825
2.033 1.14607 -5.88213 7.7e-005 5.79953e-005 0.1586 0.9616 -0.2241
1.98356 -1.11661 -5.95174 7.7e-005 5.79953e-005 0.3089 -0.6627 -0.6822
1.96576 -1.10659 -5.96782 7.7e-005 5.79953e-005 0.265 -0.579 -0.7711
1.96756 -1.10575 -5.96782 7.7e-005 5.79953e-005 0.4896 -0.3209 -0.8107
-1.9847 -1.11661 -5.95174 7.7e-005 5.79953e-005 -0.2088 -0.7782 -0.5923
-1.98281 -1.11712 -5.95174 7.7e-005 5.79953e-005 -0.1047 -0.8278 -0.5511
-2.02309 -1.13981 -5.90347 7.7e-005 5.79953e-005 -0.1174 -0.893 -0.4343
-2.03247 1.14468 -5.88808 7.7e-005 5.79953e-005 -0.2116 0.9035 -0.3728
-2.02309 1.1395 -5.90347 7.7e-005 5.79953e-005 -0.1978 0.8532 -0.4825
-2.02501 1.1385 -5.90347 7.7e-005 5.79953e-005 -0.3815 0.7434 -0.5494
1.92824 1.08476 -5.99211 7.7e-005 5.79953e-005 0.2234 0.4311 -0.8742
1.92395 1.0839 -5.99355 7.7e-005 5.79953e-005 0.1022 0.5416 -0.8344
1.93129 1.08874 -5.98916 7.7e-005 5.79953e-005 0.0869 0.64 -0.7634
1.93542 -1.08815 -5.98916 7.7e-005 5.79953e-005 0.3679 -0.2528 -0.8948
1.92674 1.0824 -5.99355 7.7e-005 5.79953e-005 0.3452 0.1919 -0.9187
1.94552 1.09194 -5.98321 7.7e-005 5.79953e-005 0.4554 0.1925 -0.8692
2.0349 -1.14372 -5.88808 7.7e-005 5.79953e-005 0.7348 -0.4606 -0.4978
2.0349 1.14211 -5.88808 7.7e-005 5.79953e-005 0.7965 0.3507 -0.4924
2.03734 1.14375 -5.88213 7.7e-005 5.79953e-005 0.863 0.3896 -0.3215
-2.03949 -1.14668 -5.87775 7.7e-005 5.79953e-005 -0.857 -0.4823 -0.1812
-2.03818 -1.14683 -5.87919 7.7e-005 5.79953e-005 -0.3984 -0.8572 -0.3263
-2.03765 -1.1475 -5.87775 7.7e-005 5.79953e-005 -0.1822 -0.9683 -0.1706
-1.93625 1.08653 -5.98916 7.7e-005 5.79953e-005 -0.4585 0.1374 -0.878
-1.93625 -1.08815 -5.98916 7.7e-005 5.79953e-005 -0.4259 -0.2073 -0.8807
-1.96801 -1.10575 -5.96782 7.7e-005 5.79953e-005 -0.5183 -0.2548 -0.8163
-1.96801 -1.10575 -5.96782 7.7e-005 5.79953e-005 -0.5183 -0.2548 -0.8163
-1.98583 -1.11576 -5.95174 7.7e-005 5.79953e-005 -0.6123 -0.3029 -0.7303
-1.98583 1.11422 -5.95174 7.7e-005 5.79953e-005 -0.6577 0.2 -0.7262
-1.92641 -1.08486 -5.99355 7.7e-005 5.79953e-005 -0.1006 -0.588 -0.8025
-1.92997 -1.08594 -5.99211 7.7e-005 5.79953e-005 -0.2161 -0.4772 -0.8518
-1.92815 -1.08407 -5.99355 7.7e-005 5.79953e-005 -0.3462 -0.2309 -0.9093
2.03504 -1.1475 -5.87775 7.7e-005 5.79953e-005 0.1144 -0.9832 -0.1421
2.03667 -1.14752 -5.87509 7.7e-005 5.79953e-005 0.4545 -0.6361 0.6235
-2.03919 -1.14752 -5.87509 7.7e-005 5.79953e-005 -0.5596 -0.608 0.5632
1.92674 -1.08407 -5.99355 7.7e-005 5.79953e-005 0.3024 -0.2642 -0.9158
1.92824 -1.08594 -5.99211 7.7e-005 5.79953e-005 0.1548 -0.5445 -0.8244
1.92395 -1.08486 -5.99355 7.7e-005 5.79953e-005 0.07 -0.6161 -0.7845
-1.98583 -1.11576 -5.95174 7.7e-005 5.79953e-005 -0.6123 -0.3029 -0.7303
-1.9847 -1.11661 -5.95174 7.7e-005 5.79953e-005 -0.4152 -0.5568 -0.7195
-2.02501 -1.13929 -5.90347 7.7e-005 5.79953e-005 -0.4779 -0.6405 -0.6011
2.03734 -1.14546 -5.88213 7.7e-005 5.79953e-005 0.8 -0.4949 -0.3392
2.03734 1.14375 -5.88213 7.7e-005 5.79953e-005 0.863 0.3896 -0.3215
2.038 1.14491 -5.87775 7.7e-005 5.79953e-005 0.8892 0.455 0.0481
2.03504 -1.1475 -5.87775 7.7e-005 5.79953e-005 0.1144 -0.9832 -0.1421
2.03635 -1.14683 -5.87919 7.7e-005 5.79953e-005 0.2723 -0.9259 -0.262
2.038 -1.14668 -5.87775 7.7e-005 5.79953e-005 0.8388 -0.5441 0.0167
2.0301 1.14468 -5.88808 7.7e-005 5.79953e-005 0.1441 0.9285 -0.3421
2.02077 1.1395 -5.90347 7.7e-005 5.79953e-005 0.1357 0.882 -0.4512
-2.02309 1.1395 -5.90347 7.7e-005 5.79953e-005 -0.1978 0.8532 -0.4825
-2.02617 1.13686 -5.90347 7.7e-005 5.79953e-005 -0.7592 0.2281 -0.6095
-1.98583 1.11422 -5.95174 7.7e-005 5.79953e-005 -0.6577 0.2 -0.7262
-1.98583 -1.11576 -5.95174 7.7e-005 5.79953e-005 -0.6123 -0.3029 -0.7303
1.91987 -1.08171 -5.9962 7.7e-005 5.79953e-005 0.1271 -0.2958 -0.9467
1.91987 1.0801 -5.9962 7.7e-005 5.79953e-005 0.1311 0.2541 -0.9582
1.92674 1.0824 -5.99355 7.7e-005 5.79953e-005 0.3452 0.1919 -0.9187
2.0355 -1.1461 -5.88252 7.7e-005 5.79953e-005 0.3749 -0.8553 -0.3577
2.03305 -1.14453 -5.88818 7.7e-005 5.79953e-005 0.3763 -0.8067 -0.4556
2.0349 -1.14372 -5.88808 7.7e-005 5.79953e-005 0.7348 -0.4606 -0.4978
2.03635 -1.14683 -5.87919 7.7e-005 5.79953e-005 0.2723 -0.9259 -0.262
2.0355 -1.1461 -5.88252 7.7e-005 5.79953e-005 0.3749 -0.8553 -0.3577
2.03734 -1.14546 -5.88213 7.7e-005 5.79953e-005 0.8 -0.4949 -0.3392
-1.98281 1.11681 -5.95174 7.7e-005 5.79953e-005 -0.1744 0.7865 -0.5924
-1.96501 1.10679 -5.96782 7.7e-005 5.79953e-005 -0.1474 0.7051 -0.6935
-1.96689 1.10582 -5.96782 7.7e-005 5.79953e-005 -0.2966 0.5777 -0.7605
1.92395 -1.08486 -5.99355 7.7e-005 5.79953e-005 0.07 -0.6161 -0.7845
-1.92641 -1.08486 -5.99355 7.7e-005 5.79953e-005 -0.1006 -0.588 -0.8025
-1.92224 -1.08171 -5.9962 7.7e-005 5.79953e-005 -0.1481 -0.2899 -0.9455
1.92824 -1.08594 -5.99211 7.7e-005 5.79953e-005 0.1548 -0.5445 -0.8244
1.92674 -1.08407 -5.99355 7.7e-005 5.79953e-005 0.3024 -0.2642 -0.9158
1.93542 -1.08815 -5.98916 7.7e-005 5.79953e-005 0.3679 -0.2528 -0.8948
1.92395 1.0839 -5.99355 7.7e-005 5.79953e-005 0.1022 0.5416 -0.8344
-1.92641 1.0839 -5.99355 7.7e-005 5.79953e-005 -0.1371 0.5102 -0.849
-1.93367 1.08874 -5.98916 7.7e-005 5.79953e-005 -0.1249 0.6103 -0.7822
-1.98583 1.11422 -5.95174 7.7e-005 5.79953e-005 -0.6577 0.2 -0.7262
-2.02617 1.13686 -5.90347 7.7e-005 5.79953e-005 -0.7592 0.2281 -0.6095
-2.02501 1.1385 -5.90347 7.7e-005 5.79953e-005 -0.6334 0.4441 -0.6337
2.02571 1.13686 -5.90347 7.7e-005 5.79953e-005 0.7184 0.3166 -0.6194
2.02571 -1.13843 -5.90347 7.7e-005 5.79953e-005 0.6612 -0.4252 -0.6179
1.98538 -1.11576 -5.95174 7.7e-005 5.79953e-005 0.5746 -0.374 -0.728
-1.92224 1.0801 -5.9962 7.7e-005 5.79953e-005 -0.1523 0.2484 -0.9566
1.92395 1.0839 -5.99355 7.7e-005 5.79953e-005 0.1022 0.5416 -0.8344
1.91987 1.0801 -5.9962 7.7e-005 5.79953e-005 0.1311 0.2541 -0.9582
2.033 1.14607 -5.88213 7.7e-005 5.79953e-005 0.1586 0.9616 -0.2241
-2.03247 1.14468 -5.88808 7.7e-005 5.79953e-005 -0.2116 0.9035 -0.3728
-2.03551 1.14607 -5.88213 7.7e-005 5.79953e-005 -0.2338 0.9375 -0.2577
1.92395 1.0839 -5.99355 7.7e-005 5.79953e-005 0.1022 0.5416 -0.8344
1.92674 1.0824 -5.99355 7.7e-005 5.79953e-005 0.3452 0.1919 -0.9187
1.91987 1.0801 -5.9962 7.7e-005 5.79953e-005 0.1311 0.2541 -0.9582
-1.96801 1.10422 -5.96782 7.7e-005 5.79953e-005 -0.5573 0.1668 -0.8133
-1.93592 1.08826 -5.98877 7.7e-005 5.79953e-005 -0.3953 0.2745 -0.8766
-1.93625 1.08653 -5.98916 7.7e-005 5.79953e-005 -0.4585 0.1374 -0.878
2.038 1.14491 -5.87775 7.7e-005 5.79953e-005 0.8892 0.455 0.0481
2.03667 -1.14752 -5.87509 7.7e-005 5.79953e-005 0.4545 -0.6361 0.6235
2.038 -1.14668 -5.87775 7.7e-005 5.79953e-005 0.8388 -0.5441 0.0167
2.03504 1.14648 -5.87775 7.7e-005 5.79953e-005 0.2079 0.9781 -0.0067
-2.03919 1.14582 -5.87509 7.7e-005 5.79953e-005 -0.5839 0.5448 0.6019
2.03667 1.14582 -5.87509 7.7e-005 5.79953e-005 0.479 0.5719 0.6659
2.038 1.14491 -5.87775 7.7e-005 5.79953e-005 0.8892 0.455 0.0481
2.03504 1.14648 -5.87775 7.7e-005 5.79953e-005 0.2079 0.9781 -0.0067
2.03667 1.14582 -5.87509 7.7e-005 5.79953e-005 0.479 0.5719 0.6659
-2.03429 1.14368 -5.88818 7.7e-005 5.79953e-005 -0.4107 0.7954 -0.4457
-2.03551 1.14607 -5.88213 7.7e-005 5.79953e-005 -0.2338 0.9375 -0.2577
-2.03247 1.14468 -5.88808 7.7e-005 5.79953e-005 -0.2116 0.9035 -0.3728
-2.03919 -1.14752 -5.87509 7.7e-005 5.79953e-005 -0.5596 -0.608 0.5632
-2.03949 1.14491 -5.87775 7.7e-005 5.79953e-005 -0.9184 0.3648 -0.1529
-2.03949 -1.14668 -5.87775 7.7e-005 5.79953e-005 -0.857 -0.4823 -0.1812
-2.03818 1.14558 -5.87919 7.7e-005 5.79953e-005 -0.6207 0.7166 -0.3182
-2.03551 1.14607 -5.88213 7.7e-005 5.79953e-005 -0.2338 0.9375 -0.2577
-2.037 1.14508 -5.88252 7.7e-005 5.79953e-005 -0.4539 0.8194 -0.35
1.96576 1.10582 -5.96782 7.7e-005 5.79953e-005 0.3886 0.4358 -0.8118
1.94552 1.09194 -5.98321 7.7e-005 5.79953e-005 0.4554 0.1925 -0.8692
1.94395 1.09356 -5.98312 7.7e-005 5.79953e-005 0.3398 0.3794 -0.8606
2.0355 1.14508 -5.88252 7.7e-005 5.79953e-005 0.5963 0.7148 -0.3654
2.0349 1.14211 -5.88808 7.7e-005 5.79953e-005 0.7965 0.3507 -0.4924
2.03305 1.14368 -5.88818 7.7e-005 5.79953e-005 0.5772 0.6488 -0.496
2.03635 1.14558 -5.87919 7.7e-005 5.79953e-005 0.4715 0.8523 -0.2266
2.03734 1.14375 -5.88213 7.7e-005 5.79953e-005 0.863 0.3896 -0.3215
2.0355 1.14508 -5.88252 7.7e-005 5.79953e-005 0.5963 0.7148 -0.3654
2.03305 -1.14453 -5.88818 7.7e-005 5.79953e-005 0.3763 -0.8067 -0.4556
2.02571 -1.13843 -5.90347 7.7e-005 5.79953e-005 0.6612 -0.4252 -0.6179
2.0349 -1.14372 -5.88808 7.7e-005 5.79953e-005 0.7348 -0.4606 -0.4978
-2.03822 1.14375 -5.88213 7.7e-005 5.79953e-005 -0.871 0.2756 -0.4068
-2.037 1.14508 -5.88252 7.7e-005 5.79953e-005 -0.7247 0.5441 -0.4228
-2.03429 1.14368 -5.88818 7.7e-005 5.79953e-005 -0.8069 0.2569 -0.5319
-2.03429 1.14368 -5.88818 7.7e-005 5.79953e-005 -0.8069 0.2569 -0.5319
-2.02501 1.1385 -5.90347 7.7e-005 5.79953e-005 -0.6334 0.4441 -0.6337
-2.02617 1.13686 -5.90347 7.7e-005 5.79953e-005 -0.7592 0.2281 -0.6095
2.02386 1.1385 -5.90347 7.7e-005 5.79953e-005 0.2651 0.8268 -0.4962
2.0301 1.14468 -5.88808 7.7e-005 5.79953e-005 0.1441 0.9285 -0.3421
2.03305 1.14368 -5.88818 7.7e-005 5.79953e-005 0.2834 0.876 -0.3903
-2.02617 -1.13843 -5.90347 7.7e-005 5.79953e-005 -0.7109 -0.3518 -0.609
-2.037 -1.1461 -5.88252 7.7e-005 5.79953e-005 -0.5215 -0.7165 -0.4633
-2.03822 -1.14546 -5.88213 7.7e-005 5.79953e-005 -0.8056 -0.4047 -0.4327
2.03635 -1.14683 -5.87919 7.7e-005 5.79953e-005 0.2723 -0.9259 -0.262
2.033 -1.14667 -5.88213 7.7e-005 5.79953e-005 0.0784 -0.9607 -0.2662
2.0355 -1.1461 -5.88252 7.7e-005 5.79953e-005 0.1708 -0.9421 -0.2887
-2.03551 -1.14667 -5.88213 7.7e-005 5.79953e-005 -0.1293 -0.9448 -0.3009
2.03504 -1.1475 -5.87775 7.7e-005 5.79953e-005 0.1144 -0.9832 -0.1421
-2.03765 -1.1475 -5.87775 7.7e-005 5.79953e-005 -0.1822 -0.9683 -0.1706
1.93129 1.08874 -5.98916 7.7e-005 5.79953e-005 0.0869 0.64 -0.7634
-1.96501 1.10679 -5.96782 7.7e-005 5.79953e-005 -0.1474 0.7051 -0.6935
1.96276 1.10679 -5.96782 7.7e-005 5.79953e-005 0.1042 0.7439 -0.6601
-2.03818 -1.14683 -5.87919 7.7e-005 5.79953e-005 -0.3984 -0.8572 -0.3263
-2.03822 -1.14546 -5.88213 7.7e-005 5.79953e-005 -0.8056 -0.4047 -0.4327
-2.037 -1.1461 -5.88252 7.7e-005 5.79953e-005 -0.5215 -0.7165 -0.4633
-2.02501 -1.13929 -5.90347 7.7e-005 5.79953e-005 -0.2292 -0.8533 -0.4683
-2.03551 -1.14667 -5.88213 7.7e-005 5.79953e-005 -0.1293 -0.9448 -0.3009
-2.037 -1.1461 -5.88252 7.7e-005 5.79953e-005 -0.2536 -0.8996 -0.3556
1.96576 1.10582 -5.96782 7.7e-005 5.79953e-005 0.2153 0.6713 -0.7092
1.98054 1.11681 -5.95174 7.7e-005 5.79953e-005 0.1216 0.8185 -0.5614
1.98356 1.11584 -5.95174 7.7e-005 5.79953e-005 0.2418 0.7538 -0.611
-1.92224 1.0801 -5.9962 0 0 -0.1523 0.2484 -0.9566
1.91987 -1.08171 -5.9962 1 1 0.1271 -0.2958 -0.9467
-1.92224 -1.08171 -5.9962 0 1 -0.1481 -0.2899 -0.9455
1.98054 1.11681 -5.95174 7.7e-005 5.79953e-005 0.1216 0.8185 -0.5614
-1.96501 1.10679 -5.96782 7.7e-005 5.79953e-005 -0.1474 0.7051 -0.6935
-1.98281 1.11681 -5.95174 7.7e-005 5.79953e-005 -0.1744 0.7865 -0.5924
-2.02309 -1.13981 -5.90347 7.7e-005 5.79953e-005 -0.1174 -0.893 -0.4343
2.033 -1.14667 -5.88213 7.7e-005 5.79953e-005 0.0784 -0.9607 -0.2662
-2.03551 -1.14667 -5.88213 7.7e-005 5.79953e-005 -0.1293 -0.9448 -0.3009
2.02077 -1.13981 -5.90347 7.7e-005 5.79953e-005 0.0739 -0.9074 -0.4136
-1.98281 -1.11712 -5.95174 7.7e-005 5.79953e-005 -0.1047 -0.8278 -0.5511
1.98054 -1.11712 -5.95174 7.7e-005 5.79953e-005 0.0692 -0.8466 -0.5276
-1.96689 -1.10659 -5.96782 7.7e-005 5.79953e-005 -0.1951 -0.6955 -0.6915
-1.98281 -1.11712 -5.95174 7.7e-005 5.79953e-005 -0.1047 -0.8278 -0.5511
-1.9847 -1.11661 -5.95174 7.7e-005 5.79953e-005 -0.2088 -0.7782 -0.5923
-1.96689 -1.10659 -5.96782 7.7e-005 5.79953e-005 -0.1951 -0.6955 -0.6915
-1.93592 -1.08923 -5.98877 7.7e-005 5.79953e-005 -0.162 -0.5944 -0.7877
-1.95411 -1.10095 -5.97587 7.7e-005 5.79953e-005 -0.2022 -0.5969 -0.7764
-1.95411 -1.10095 -5.97587 7.7e-005 5.79953e-005 -0.2022 -0.5969 -0.7764
-1.96501 -1.10709 -5.96782 7.7e-005 5.79953e-005 -0.0934 -0.7624 -0.6403
-1.96689 -1.10659 -5.96782 7.7e-005 5.79953e-005 -0.1951 -0.6955 -0.6915
2.02077 -1.13981 -5.90347 7.7e-005 5.79953e-005 0.0739 -0.9074 -0.4136
1.98356 -1.11661 -5.95174 7.7e-005 5.79953e-005 0.1384 -0.8244 -0.5488
2.02386 -1.13929 -5.90347 7.7e-005 5.79953e-005 0.1487 -0.8859 -0.4394
-1.92224 -1.08171 -5.9962 7.7e-005 5.79953e-005 -0.1481 -0.2899 -0.9455
-1.92815 1.0824 -5.99355 7.7e-005 5.79953e-005 -0.3786 0.1597 -0.9116
-1.92224 1.0801 -5.9962 7.7e-005 5.79953e-005 -0.1523 0.2484 -0.9566
-1.92997 1.08476 -5.99211 7.7e-005 5.79953e-005 -0.2957 0.3484 -0.8895
-1.93367 1.08874 -5.98916 7.7e-005 5.79953e-005 -0.1249 0.6103 -0.7822
-1.92641 1.0839 -5.99355 7.7e-005 5.79953e-005 -0.1371 0.5102 -0.849
1.94552 1.09194 -5.98321 7.7e-005 5.79953e-005 0.4554 0.1925 -0.8692
1.96756 -1.10575 -5.96782 7.7e-005 5.79953e-005 0.4896 -0.3209 -0.8107
1.94552 -1.09348 -5.98321 7.7e-005 5.79953e-005 0.3582 -0.3745 -0.8552
2.02571 1.13686 -5.90347 7.7e-005 5.79953e-005 0.7184 0.3166 -0.6194
2.03305 1.14368 -5.88818 7.7e-005 5.79953e-005 0.5772 0.6488 -0.496
2.0349 1.14211 -5.88808 7.7e-005 5.79953e-005 0.7965 0.3507 -0.4924
-2.03822 1.14375 -5.88213 7.7e-005 5.79953e-005 -0.871 0.2756 -0.4068
-2.02617 -1.13843 -5.90347 7.7e-005 5.79953e-005 -0.7109 -0.3518 -0.609
-2.03822 -1.14546 -5.88213 7.7e-005 5.79953e-005 -0.8056 -0.4047 -0.4327
1.96576 -1.10659 -5.96782 7.7e-005 5.79953e-005 0.265 -0.579 -0.7711
1.9345 -1.08923 -5.98877 7.7e-005 5.79953e-005 0.2084 -0.5006 -0.8402
1.94552 -1.09348 -5.98321 7.7e-005 5.79953e-005 0.3582 -0.3745 -0.8552
1.93542 -1.08815 -5.98916 7.7e-005 5.79953e-005 0.3679 -0.2528 -0.8948
1.94552 -1.09348 -5.98321 7.7e-005 5.79953e-005 0.3582 -0.3745 -0.8552
1.9345 -1.08923 -5.98877 7.7e-005 5.79953e-005 0.2084 -0.5006 -0.8402
1.9345 1.08826 -5.98877 7.7e-005 5.79953e-005 0.3665 0.2495 -0.8963
1.94395 1.09356 -5.98312 7.7e-005 5.79953e-005 0.3398 0.3794 -0.8606
1.94552 1.09194 -5.98321 7.7e-005 5.79953e-005 0.4554 0.1925 -0.8692
1.94552 1.09194 -5.98321 7.7e-005 5.79953e-005 0.4554 0.1925 -0.8692
1.92674 1.0824 -5.99355 7.7e-005 5.79953e-005 0.3452 0.1919 -0.9187
1.9345 1.08826 -5.98877 7.7e-005 5.79953e-005 0.3665 0.2495 -0.8963
1.92824 -1.08594 -5.99211 7.7e-005 5.79953e-005 0.1548 -0.5445 -0.8244
1.93129 -1.0893 -5.98916 7.7e-005 5.79953e-005 0.0558 -0.6786 -0.7324
1.92395 -1.08486 -5.99355 7.7e-005 5.79953e-005 0.07 -0.6161 -0.7845
-1.95411 -1.10095 -5.97587 7.7e-005 5.79953e-005 -0.2022 -0.5969 -0.7764
1.96276 -1.10709 -5.96782 7.7e-005 5.79953e-005 0.0623 -0.7837 -0.6179
-1.96501 -1.10709 -5.96782 7.7e-005 5.79953e-005 -0.0934 -0.7624 -0.6403
2.03667 1.14582 -5.87509 1 0 0.479 0.5719 0.6659
-2.03919 -1.14752 -5.87509 0 1 -0.5596 -0.608 0.5632
2.03667 -1.14752 -5.87509 1 1 0.4545 -0.6361 0.6235
1.96576 -1.10659 -5.96782 7.7e-005 5.79953e-005 0.1325 -0.7478 -0.6506
1.96276 -1.10709 -5.96782 7.7e-005 5.79953e-005 0.0623 -0.7837 -0.6179
1.95187 -1.10095 -5.97587 7.7e-005 5.79953e-005 0.1358 -0.6636 -0.7356
1.95187 -1.10095 -5.97587 7.7e-005 5.79953e-005 0.1358 -0.6636 -0.7356
1.93129 -1.0893 -5.98916 7.7e-005 5.79953e-005 0.0558 -0.6786 -0.7324
1.9345 -1.08923 -5.98877 7.7e-005 5.79953e-005 0.1118 -0.6448 -0.7561
-1.92997 -1.08594 -5.99211 7.7e-005 5.79953e-005 -0.2161 -0.4772 -0.8518
-1.93625 -1.08815 -5.98916 7.7e-005 5.79953e-005 -0.4259 -0.2073 -0.8807
-1.92815 -1.08407 -5.99355 7.7e-005 5.79953e-005 -0.3462 -0.2309 -0.9093
2.02386 -1.13929 -5.90347 7.7e-005 5.79953e-005 0.3476 -0.7455 -0.5687
1.98538 -1.11576 -5.95174 7.7e-005 5.79953e-005 0.5746 -0.374 -0.728
2.02571 -1.13843 -5.90347 7.7e-005 5.79953e-005 0.6612 -0.4252 -0.6179
1.96756 1.10422 -5.96782 7.7e-005 5.79953e-005 0.5349 0.2321 -0.8124
1.98356 1.11584 -5.95174 7.7e-005 5.79953e-005 0.4552 0.511 -0.7291
1.98538 1.11422 -5.95174 7.7e-005 5.79953e-005 0.6261 0.2742 -0.7299
-1.96501 -1.10709 -5.96782 7.7e-005 5.79953e-005 -0.0934 -0.7624 -0.6403
1.98054 -1.11712 -5.95174 7.7e-005 5.79953e-005 0.0692 -0.8466 -0.5276
-1.98281 -1.11712 -5.95174 7.7e-005 5.79953e-005 -0.1047 -0.8278 -0.5511
-2.02309 1.1395 -5.90347 7.7e-005 5.79953e-005 -0.1978 0.8532 -0.4825
-1.9847 1.11584 -5.95174 7.7e-005 5.79953e-005 -0.3419 0.6658 -0.6633
-2.02501 1.1385 -5.90347 7.7e-005 5.79953e-005 -0.3815 0.7434 -0.5494
2.02077 1.1395 -5.90347 7.7e-005 5.79953e-005 0.1357 0.882 -0.4512
-1.98281 1.11681 -5.95174 7.7e-005 5.79953e-005 -0.1744 0.7865 -0.5924
-2.02309 1.1395 -5.90347 7.7e-005 5.79953e-005 -0.1978 0.8532 -0.4825
1.96756 -1.10575 -5.96782 7.7e-005 5.79953e-005 0.4896 -0.3209 -0.8107
1.98538 1.11422 -5.95174 7.7e-005 5.79953e-005 0.6261 0.2742 -0.7299
1.98538 -1.11576 -5.95174 7.7e-005 5.79953e-005 0.5746 -0.374 -0.728
-1.93625 -1.08815 -5.98916 7.7e-005 5.79953e-005 -0.4259 -0.2073 -0.8807
-1.92815 1.0824 -5.99355 7.7e-005 5.79953e-005 -0.3786 0.1597 -0.9116
-1.92815 -1.08407 -5.99355 7.7e-005 5.79953e-005 -0.3462 -0.2309 -0.9093
-1.93367 -1.0893 -5.98916 7.7e-005 5.79953e-005 -0.0816 -0.6553 -0.7509
-1.92641 -1.08486 -5.99355 7.7e-005 5.79953e-005 -0.1006 -0.588 -0.8025
1.92395 -1.08486 -5.99355 7.7e-005 5.79953e-005 0.07 -0.6161 -0.7845
1.92395 -1.08486 -5.99355 7.7e-005 5.79953e-005 0.07 -0.6161 -0.7845
-1.95411 -1.10095 -5.97587 7.7e-005 5.79953e-005 -0.2022 -0.5969 -0.7764
-1.93367 -1.0893 -5.98916 7.7e-005 5.79953e-005 -0.0816 -0.6553 -0.7509
1.95187 -1.10095 -5.97587 7.7e-005 5.79953e-005 0.1358 -0.6636 -0.7356
-1.95411 -1.10095 -5.97587 7.7e-005 5.79953e-005 -0.2022 -0.5969 -0.7764
1.93129 -1.0893 -5.98916 7.7e-005 5.79953e-005 0.0558 -0.6786 -0.7324
2.02571 -1.13843 -5.90347 7.7e-005 5.79953e-005 0.6612 -0.4252 -0.6179
2.0349 1.14211 -5.88808 7.7e-005 5.79953e-005 0.7965 0.3507 -0.4924
2.0349 -1.14372 -5.88808 7.7e-005 5.79953e-005 0.7348 -0.4606 -0.4978
-1.92997 1.08476 -5.99211 7.7e-005 5.79953e-005 -0.2957 0.3484 -0.8895
-1.93625 1.08653 -5.98916 7.7e-005 5.79953e-005 -0.4585 0.1374 -0.878
-1.93592 1.08826 -5.98877 7.7e-005 5.79953e-005 -0.3953 0.2745 -0.8766
-1.96501 1.10679 -5.96782 7.7e-005 5.79953e-005 -0.1474 0.7051 -0.6935
-1.93592 1.08826 -5.98877 7.7e-005 5.79953e-005 -0.2505 0.4994 -0.8294
-1.96689 1.10582 -5.96782 7.7e-005 5.79953e-005 -0.2966 0.5777 -0.7605
1.98054 -1.11712 -5.95174 7.7e-005 5.79953e-005 0.0692 -0.8466 -0.5276
1.96576 -1.10659 -5.96782 7.7e-005 5.79953e-005 0.1325 -0.7478 -0.6506
1.98356 -1.11661 -5.95174 7.7e-005 5.79953e-005 0.1384 -0.8244 -0.5488
1.94395 1.09356 -5.98312 7.7e-005 5.79953e-005 0.066 0.7102 -0.7009
1.9345 1.08826 -5.98877 7.7e-005 5.79953e-005 0.1797 0.537 -0.8242
1.93129 1.08874 -5.98916 7.7e-005 5.79953e-005 0.0869 0.64 -0.7634
1.93129 1.08874 -5.98916 7.7e-005 5.79953e-005 0.0869 0.64 -0.7634
1.96276 1.10679 -5.96782 7.7e-005 5.79953e-005 0.1042 0.7439 -0.6601
1.94395 1.09356 -5.98312 7.7e-005 5.79953e-005 0.066 0.7102 -0.7009
-2.03818 1.14558 -5.87919 7.7e-005 5.79953e-005 -0.6207 0.7166 -0.3182
-2.03822 1.14375 -5.88213 7.7e-005 5.79953e-005 -0.871 0.2756 -0.4068
-2.03949 1.14491 -5.87775 7.7e-005 5.79953e-005 -0.9184 0.3648 -0.1529
-2.03822 -1.14546 -5.88213 7.7e-005 5.79953e-005 -0.8056 -0.4047 -0.4327
-2.03949 1.14491 -5.87775 7.7e-005 5.79953e-005 -0.9184 0.3648 -0.1529
-2.03822 1.14375 -5.88213 7.7e-005 5.79953e-005 -0.871 0.2756 -0.4068
2.02077 1.1395 -5.90347 7.7e-005 5.79953e-005 0.1357 0.882 -0.4512
1.98356 1.11584 -5.95174 7.7e-005 5.79953e-005 0.2418 0.7538 -0.611
1.98054 1.11681 -5.95174 7.7e-005 5.79953e-005 0.1216 0.8185 -0.5614
-1.92997 -1.08594 -5.99211 7.7e-005 5.79953e-005 -0.2161 -0.4772 -0.8518
-1.93367 -1.0893 -5.98916 7.7e-005 5.79953e-005 -0.0816 -0.6553 -0.7509
-1.93592 -1.08923 -5.98877 7.7e-005 5.79953e-005 -0.162 -0.5944 -0.7877
-1.93625 -1.08815 -5.98916 7.7e-005 5.79953e-005 -0.4259 -0.2073 -0.8807
-1.96689 -1.10659 -5.96782 7.7e-005 5.79953e-005 -0.351 -0.47 -0.8099
-1.96801 -1.10575 -5.96782 7.7e-005 5.79953e-005 -0.5183 -0.2548 -0.8163
-1.96801 -1.10575 -5.96782 7.7e-005 5.79953e-005 -0.5183 -0.2548 -0.8163
-1.9847 -1.11661 -5.95174 7.7e-005 5.79953e-005 -0.4152 -0.5568 -0.7195
-1.98583 -1.11576 -5.95174 7.7e-005 5.79953e-005 -0.6123 -0.3029 -0.7303
1.98538 1.11422 -5.95174 7.7e-005 5.79953e-005 0.6261 0.2742 -0.7299
2.02386 1.1385 -5.90347 7.7e-005 5.79953e-005 0.5226 0.5864 -0.6189
2.02571 1.13686 -5.90347 7.7e-005 5.79953e-005 0.7184 0.3166 -0.6194
2.03305 -1.14453 -5.88818 7.7e-005 5.79953e-005 0.0724 -0.9391 -0.3358
2.0355 -1.1461 -5.88252 7.7e-005 5.79953e-005 0.1708 -0.9421 -0.2887
2.033 -1.14667 -5.88213 7.7e-005 5.79953e-005 0.0784 -0.9607 -0.2662
2.033 -1.14667 -5.88213 7.7e-005 5.79953e-005 0.0784 -0.9607 -0.2662
2.02077 -1.13981 -5.90347 7.7e-005 5.79953e-005 0.0739 -0.9074 -0.4136
2.03305 -1.14453 -5.88818 7.7e-005 5.79953e-005 0.0724 -0.9391 -0.3358
-2.03818 -1.14683 -5.87919 7.7e-005 5.79953e-005 -0.3984 -0.8572 -0.3263
-2.03551 -1.14667 -5.88213 7.7e-005 5.79953e-005 -0.1293 -0.9448 -0.3009
-2.03765 -1.1475 -5.87775 7.7e-005 5.79953e-005 -0.1822 -0.9683 -0.1706
-1.9847 1.11584 -5.95174 7.7e-005 5.79953e-005 -0.5497 0.3855 -0.7411
-1.96801 1.10422 -5.96782 7.7e-005 5.79953e-005 -0.5573 0.1668 -0.8133
-1.98583 1.11422 -5.95174 7.7e-005 5.79953e-005 -0.6577 0.2 -0.7262
2.03504 1.14648 -5.87775 7.7e-005 5.79953e-005 0.2079 0.9781 -0.0067
-2.03551 1.14607 -5.88213 7.7e-005 5.79953e-005 -0.2338 0.9375 -0.2577
-2.03765 1.14648 -5.87775 7.7e-005 5.79953e-005 -0.3063 0.9505 -0.0513
-2.03765 1.14648 -5.87775 7.7e-005 5.79953e-005 -0.3063 0.9505 -0.0513
-2.03949 1.14491 -5.87775 7.7e-005 5.79953e-005 -0.9184 0.3648 -0.1529
-2.03919 1.14582 -5.87509 7.7e-005 5.79953e-005 -0.5839 0.5448 0.6019
-1.92815 1.0824 -5.99355 7.7e-005 5.79953e-005 -0.3786 0.1597 -0.9116
-1.92641 1.0839 -5.99355 7.7e-005 5.79953e-005 -0.1371 0.5102 -0.849
-1.92224 1.0801 -5.9962 7.7e-005 5.79953e-005 -0.1523 0.2484 -0.9566
2.033 1.14607 -5.88213 7.7e-005 5.79953e-005 0.1586 0.9616 -0.2241
2.03305 1.14368 -5.88818 7.7e-005 5.79953e-005 0.2834 0.876 -0.3903
2.0301 1.14468 -5.88808 7.7e-005 5.79953e-005 0.1441 0.9285 -0.3421
2.03635 1.14558 -5.87919 7.7e-005 5.79953e-005 0.4715 0.8523 -0.2266
2.033 1.14607 -5.88213 7.7e-005 5.79953e-005 0.1586 0.9616 -0.2241
2.03504 1.14648 -5.87775 7.7e-005 5.79953e-005 0.2079 0.9781 -0.0067
1.98356 -1.11661 -5.95174 7.7e-005 5.79953e-005 0.3089 -0.6627 -0.6822
1.96756 -1.10575 -5.96782 7.7e-005 5.79953e-005 0.4896 -0.3209 -0.8107
1.98538 -1.11576 -5.95174 7.7e-005 5.79953e-005 0.5746 -0.374 -0.728
-1.9847 -1.11661 -5.95174 7.7e-005 5.79953e-005 -0.2088 -0.7782 -0.5923
-2.02309 -1.13981 -5.90347 7.7e-005 5.79953e-005 -0.1174 -0.893 -0.4343
-2.02501 -1.13929 -5.90347 7.7e-005 5.79953e-005 -0.2292 -0.8533 -0.4683
-2.03247 1.14468 -5.88808 7.7e-005 5.79953e-005 -0.2116 0.9035 -0.3728
-2.02501 1.1385 -5.90347 7.7e-005 5.79953e-005 -0.3815 0.7434 -0.5494
-2.03429 1.14368 -5.88818 7.7e-005 5.79953e-005 -0.4107 0.7954 -0.4457
1.92824 1.08476 -5.99211 7.7e-005 5.79953e-005 0.2234 0.4311 -0.8742
1.93129 1.08874 -5.98916 7.7e-005 5.79953e-005 0.0869 0.64 -0.7634
1.9345 1.08826 -5.98877 7.7e-005 5.79953e-005 0.1797 0.537 -0.8242
1.94552 1.09194 -5.98321 7.7e-005 5.79953e-005 0.4554 0.1925 -0.8692
1.94552 -1.09348 -5.98321 7.7e-005 5.79953e-005 0.3582 -0.3745 -0.8552
1.93542 -1.08815 -5.98916 7.7e-005 5.79953e-005 0.3679 -0.2528 -0.8948
1.93542 -1.08815 -5.98916 7.7e-005 5.79953e-005 0.3679 -0.2528 -0.8948
1.92674 -1.08407 -5.99355 7.7e-005 5.79953e-005 0.3024 -0.2642 -0.9158
1.92674 1.0824 -5.99355 7.7e-005 5.79953e-005 0.3452 0.1919 -0.9187
2.0349 -1.14372 -5.88808 7.7e-005 5.79953e-005 0.7348 -0.4606 -0.4978
2.03734 1.14375 -5.88213 7.7e-005 5.79953e-005 0.863 0.3896 -0.3215
2.03734 -1.14546 -5.88213 7.7e-005 5.79953e-005 0.8 -0.4949 -0.3392
-2.03949 -1.14668 -5.87775 7.7e-005 5.79953e-005 -0.857 -0.4823 -0.1812
-2.03765 -1.1475 -5.87775 7.7e-005 5.79953e-005 -0.1822 -0.9683 -0.1706
-2.03919 -1.14752 -5.87509 7.7e-005 5.79953e-005 -0.5596 -0.608 0.5632
-1.93625 1.08653 -5.98916 7.7e-005 5.79953e-005 -0.4585 0.1374 -0.878
-1.96801 -1.10575 -5.96782 7.7e-005 5.79953e-005 -0.5183 -0.2548 -0.8163
-1.96801 1.10422 -5.96782 7.7e-005 5.79953e-005 -0.5573 0.1668 -0.8133
-1.96801 -1.10575 -5.96782 7.7e-005 5.79953e-005 -0.5183 -0.2548 -0.8163
-1.98583 1.11422 -5.95174 7.7e-005 5.79953e-005 -0.6577 0.2 -0.7262
-1.96801 1.10422 -5.96782 7.7e-005 5.79953e-005 -0.5573 0.1668 -0.8133
-1.92641 -1.08486 -5.99355 7.7e-005 5.79953e-005 -0.1006 -0.588 -0.8025
-1.92815 -1.08407 -5.99355 7.7e-005 5.79953e-005 -0.3462 -0.2309 -0.9093
-1.92224 -1.08171 -5.9962 7.7e-005 5.79953e-005 -0.1481 -0.2899 -0.9455
2.03504 -1.1475 -5.87775 7.7e-005 5.79953e-005 0.1144 -0.9832 -0.1421
-2.03919 -1.14752 -5.87509 7.7e-005 5.79953e-005 -0.5596 -0.608 0.5632
-2.03765 -1.1475 -5.87775 7.7e-005 5.79953e-005 -0.1822 -0.9683 -0.1706
1.92674 -1.08407 -5.99355 7.7e-005 5.79953e-005 0.3024 -0.2642 -0.9158
1.92395 -1.08486 -5.99355 7.7e-005 5.79953e-005 0.07 -0.6161 -0.7845
1.91987 -1.08171 -5.9962 7.7e-005 5.79953e-005 0.1271 -0.2958 -0.9467
-1.98583 -1.11576 -5.95174 7.7e-005 5.79953e-005 -0.6123 -0.3029 -0.7303
-2.02501 -1.13929 -5.90347 7.7e-005 5.79953e-005 -0.4779 -0.6405 -0.6011
-2.02617 -1.13843 -5.90347 7.7e-005 5.79953e-005 -0.7109 -0.3518 -0.609
2.03734 -1.14546 -5.88213 7.7e-005 5.79953e-005 0.8 -0.4949 -0.3392
2.038 1.14491 -5.87775 7.7e-005 5.79953e-005 0.8892 0.455 0.0481
2.038 -1.14668 -5.87775 7.7e-005 5.79953e-005 0.8388 -0.5441 0.0167
2.03504 -1.1475 -5.87775 7.7e-005 5.79953e-005 0.1144 -0.9832 -0.1421
2.038 -1.14668 -5.87775 7.7e-005 5.79953e-005 0.8388 -0.5441 0.0167
2.03667 -1.14752 -5.87509 7.7e-005 5.79953e-005 0.4545 -0.6361 0.6235
2.0301 1.14468 -5.88808 7.7e-005 5.79953e-005 0.1441 0.9285 -0.3421
-2.02309 1.1395 -5.90347 7.7e-005 5.79953e-005 -0.1978 0.8532 -0.4825
-2.03247 1.14468 -5.88808 7.7e-005 5.79953e-005 -0.2116 0.9035 -0.3728
-2.02617 1.13686 -5.90347 7.7e-005 5.79953e-005 -0.7592 0.2281 -0.6095
-1.98583 -1.11576 -5.95174 7.7e-005 5.79953e-005 -0.6123 -0.3029 -0.7303
-2.02617 -1.13843 -5.90347 7.7e-005 5.79953e-005 -0.7109 -0.3518 -0.609
1.91987 -1.08171 -5.9962 7.7e-005 5.79953e-005 0.1271 -0.2958 -0.9467
1.92674 1.0824 -5.99355 7.7e-005 5.79953e-005 0.3452 0.1919 -0.9187
1.92674 -1.08407 -5.99355 7.7e-005 5.79953e-005 0.3024 -0.2642 -0.9158
2.0355 -1.1461 -5.88252 7.7e-005 5.79953e-005 0.3749 -0.8553 -0.3577
2.0349 -1.14372 -5.88808 7.7e-005 5.79953e-005 0.7348 -0.4606 -0.4978
2.03734 -1.14546 -5.88213 7.7e-005 5.79953e-005 0.8 -0.4949 -0.3392
2.03635 -1.14683 -5.87919 7.7e-005 5.79953e-005 0.2723 -0.9259 -0.262
2.03734 -1.14546 -5.88213 7.7e-005 5.79953e-005 0.8 -0.4949 -0.3392
2.038 -1.14668 -5.87775 7.7e-005 5.79953e-005 0.8388 -0.5441 0.0167
-1.98281 1.11681 -5.95174 7.7e-005 5.79953e-005 -0.1744 0.7865 -0.5924
-1.96689 1.10582 -5.96782 7.7e-005 5.79953e-005 -0.2966 0.5777 -0.7605
-1.9847 1.11584 -5.95174 7.7e-005 5.79953e-005 -0.3419 0.6658 -0.6633
1.92395 -1.08486 -5.99355 7.7e-005 5.79953e-005 0.07 -0.6161 -0.7845
-1.92224 -1.08171 -5.9962 7.7e-005 5.79953e-005 -0.1481 -0.2899 -0.9455
1.91987 -1.08171 -5.9962 7.7e-005 5.79953e-005 0.1271 -0.2958 -0.9467
1.92824 -1.08594 -5.99211 7.7e-005 5.79953e-005 0.1548 -0.5445 -0.8244
1.93542 -1.08815 -5.98916 7.7e-005 5.79953e-005 0.3679 -0.2528 -0.8948
1.9345 -1.08923 -5.98877 7.7e-005 5.79953e-005 0.2084 -0.5006 -0.8402
1.92395 1.0839 -5.99355 7.7e-005 5.79953e-005 0.1022 0.5416 -0.8344
-1.93367 1.08874 -5.98916 7.7e-005 5.79953e-005 -0.1249 0.6103 -0.7822
1.93129 1.08874 -5.98916 7.7e-005 5.79953e-005 0.0869 0.64 -0.7634
-1.98583 1.11422 -5.95174 7.7e-005 5.79953e-005 -0.6577 0.2 -0.7262
-2.02501 1.1385 -5.90347 7.7e-005 5.79953e-005 -0.6334 0.4441 -0.6337
-1.9847 1.11584 -5.95174 7.7e-005 5.79953e-005 -0.5497 0.3855 -0.7411
2.02571 1.13686 -5.90347 7.7e-005 5.79953e-005 0.7184 0.3166 -0.6194
1.98538 -1.11576 -5.95174 7.7e-005 5.79953e-005 0.5746 -0.374 -0.728
1.98538 1.11422 -5.95174 7.7e-005 5.79953e-005 0.6261 0.2742 -0.7299
