Vertex Count: 228

Data:

0.342783 -0.430536 0.130539 0.600879 0.620176 0.3033 -0.4174 0.8566
0.12075 -0.216511 0.313446 0.519723 0.521984 0.3033 -0.4174 0.8566
-0.090246 -0.751895 0.12725 0.442601 0.76761 0.3033 -0.4174 0.8566
0.660751 -0.734046 0.478497 0.717101 0.759421 -0.6925 -0.7214 0.0035
0.12075 -0.216511 0.313446 0.519723 0.521984 -0.6925 -0.7214 0.0035
0.342783 -0.430536 0.130539 0.600879 0.620176 -0.6925 -0.7214 0.0035
0.660751 -0.734046 0.478497 0.717101 0.759421 -0.5929 -0.3949 0.7018
0.778449 -0.381801 0.77613 0.760122 0.597817 -0.5929 -0.3949 0.7018
0.12075 -0.216511 0.313446 0.519723 0.521984 -0.5929 -0.3949 0.7018
0.204147 -0.998524 -0.736348 0.550206 0.88076 0.506 -0.4905 0.7095
0.215 -0.245835 -0.223787 0.554173 0.535437 0.506 -0.4905 0.7095
-0.596942 -1.25843 -0.344777 0.257396 1 0.506 -0.4905 0.7095
0.215 -0.245835 -0.223787 0.554173 0.535437 -0.6958 -0.7084 -0.1183
0.848232 -0.861004 -0.264642 0.785628 0.817667 -0.6958 -0.7084 -0.1183
0.342783 -0.430536 0.130539 0.600879 0.620176 -0.6958 -0.7084 -0.1183
-1.30114 -0.694533 -0.356167 0 0.741293 -0.6244 -0.7804 -0.0329
-0.596942 -1.25843 -0.344777 0.257396 1 -0.6244 -0.7804 -0.0329
-0.970668 -0.989353 0.365033 0.120794 0.876553 -0.6244 -0.7804 -0.0329
-0.596942 -1.25843 -0.344777 0.257396 1 -0.1003 -0.7221 -0.6845
-0.4215 -0.8863 -0.763083 0.321523 0.829273 -0.1003 -0.7221 -0.6845
0.204147 -0.998524 -0.736348 0.550206 0.88076 -0.1003 -0.7221 -0.6845
-0.316407 -0.259953 -0.575974 0.359936 0.541914 -0.9538 0.2209 -0.2036
-0.4215 -0.8863 -0.763083 0.321523 0.829273 -0.9538 0.2209 -0.2036
-0.596942 -1.25843 -0.344777 0.257396 1 -0.9538 0.2209 -0.2036
0.12075 -0.216511 0.313446 0.519723 0.521984 0.2058 -0.7246 -0.6578
-0.216041 -0.466946 0.483933 0.396621 0.63688 0.2058 -0.7246 -0.6578
-0.243774 -0.1867 0.166553 0.386484 0.508307 0.2058 -0.7246 -0.6578
0.19037 0.102547 0.198144 0.54517 0.375605 -0.0787 0.0156 0.9968
0.317474 0.875099 0.196077 0.591629 0.02117 -0.0787 0.0156 0.9968
-0.162851 0.20796 0.16861 0.416063 0.327243 -0.0787 0.0156 0.9968
0.19037 0.102547 0.198144 0.54517 0.375605 -0.7699 0.1283 0.6251
0.620234 0.569776 0.631649 0.702292 0.161248 -0.7699 0.1283 0.6251
0.317474 0.875099 0.196077 0.591629 0.02117 -0.7699 0.1283 0.6251
0.317474 0.875099 0.196077 0.591629 0.02117 0.8563 0.1401 -0.497
0.620234 0.569776 0.631649 0.702292 0.161248 0.8563 0.1401 -0.497
0.263459 0.357654 -0.042801 0.571885 0.258565 0.8563 0.1401 -0.497
-0.162851 0.20796 0.16861 0.416063 0.327243 0.2601 0.459 0.8495
0.263459 0.357654 -0.042801 0.571885 0.258565 0.2601 0.459 0.8495
-0.34003 0.904139 -0.153286 0.351301 0.00784701 0.2601 0.459 0.8495
-0.34003 0.904139 -0.153286 0.351301 0.00784701 0.5817 0.4587 0.6718
-0.778412 0.916869 0.217635 0.191066 0.00200599 0.5817 0.4587 0.6718
-0.162851 0.20796 0.16861 0.416063 0.327243 0.5817 0.4587 0.6718
-0.162851 0.20796 0.16861 0.416063 0.327243 0.2736 0.7469 -0.6061
-0.290444 0.921243 0.98995 0.369425 0 0.2736 0.7469 -0.6061
0.19037 0.102547 0.198144 0.54517 0.375605 0.2736 0.7469 -0.6061
-0.34003 0.904139 -0.153286 0.351301 0.00784701 -0.6449 -0.089 -0.7591
-0.222101 0.243678 -0.176027 0.394406 0.310857 -0.6449 -0.089 -0.7591
-0.778412 0.916869 0.217635 0.191066 0.00200599 -0.6449 -0.089 -0.7591
0.263459 0.357654 -0.042801 0.571885 0.258565 0.5992 0.7287 0.3316
-0.08641 0.918283 -0.642664 0.444003 0.00135797 0.5992 0.7287 0.3316
-0.34003 0.904139 -0.153286 0.351301 0.00784701 0.5992 0.7287 0.3316
0.778449 -0.381801 0.77613 0.760122 0.597817 0.0587 -0.9976 0.0357
0.342783 -0.430536 0.130539 0.600879 0.620176 0.0587 -0.9976 0.0357
1.43472 -0.360581 0.290342 1 0.588081 0.0587 -0.9976 0.0357
1.43472 -0.360581 0.290342 1 0.588081 -0.0571 -0.7107 0.7012
0.342783 -0.430536 0.130539 0.600879 0.620176 -0.0571 -0.7107 0.7012
0.848232 -0.861004 -0.264642 0.785628 0.817667 -0.0571 -0.7107 0.7012
0.778449 -0.381801 0.77613 0.760122 0.597817 0.8045 0.2029 -0.5582
0.660751 -0.734046 0.478497 0.717101 0.759421 0.8045 0.2029 -0.5582
0.342783 -0.430536 0.130539 0.600879 0.620176 0.8045 0.2029 -0.5582
1.25305 0.658391 -0.09212 0.933595 0.120592 -0.2943 0.9452 -0.1416
0.263459 0.357654 -0.042801 0.571885 0.258565 -0.2943 0.9452 -0.1416
0.620234 0.569776 0.631649 0.702292 0.161248 -0.2943 0.9452 -0.1416
0.567413 0.438535 -0.446159 0.682985 0.221459 0.4315 0.0985 -0.8967
1.25305 0.658391 -0.09212 0.933595 0.120592 0.4315 0.0985 -0.8967
0.943181 -0.114675 -0.326111 0.820334 0.475263 0.4315 0.0985 -0.8967
0.943181 -0.114675 -0.326111 0.820334 0.475263 0.0093 -0.6467 -0.7627
0.215 -0.245835 -0.223787 0.554173 0.535437 0.0093 -0.6467 -0.7627
0.373846 0.157215 -0.563573 0.612233 0.350524 0.0093 -0.6467 -0.7627
0.373846 0.157215 -0.563573 0.612233 0.350524 0.9521 -0.2876 0.1039
0.215 -0.245835 -0.223787 0.554173 0.535437 0.9521 -0.2876 0.1039
0.250608 -0.439257 -1.08573 0.567188 0.624177 0.9521 -0.2876 0.1039
0.498194 0.714904 -0.927975 0.657684 0.094665 0.2207 -0.5675 -0.7932
0.373846 0.157215 -0.563573 0.612233 0.350524 0.2207 -0.5675 -0.7932
-0.114174 0.271892 -0.781382 0.433855 0.297912 0.2207 -0.5675 -0.7932
0.498194 0.714904 -0.927975 0.657684 0.094665 0.8317 -0.4215 -0.3613
0.567413 0.438535 -0.446159 0.682985 0.221459 0.8317 -0.4215 -0.3613
0.373846 0.157215 -0.563573 0.612233 0.350524 0.8317 -0.4215 -0.3613
-0.985715 0.301058 -0.965845 0.115294 0.284531 0.6803 0.3734 -0.6306
-0.222101 0.243678 -0.176027 0.394406 0.310857 0.6803 0.3734 -0.6306
-0.316407 -0.259953 -0.575974 0.359936 0.541914 0.6803 0.3734 -0.6306
0.204147 -0.998524 -0.736348 0.550206 0.88076 0.0896 0.2712 -0.9583
-0.4215 -0.8863 -0.763083 0.321523 0.829273 0.0896 0.2712 -0.9583
-0.316407 -0.259953 -0.575974 0.359936 0.541914 0.0896 0.2712 -0.9583
-0.66589 0.221013 -0.227555 0.232194 0.321255 -0.7465 0.6094 -0.2674
-1.01035 -0.380787 -0.637415 0.106289 0.597351 -0.7465 0.6094 -0.2674
-0.960681 0.075745 0.264358 0.124444 0.387901 -0.7465 0.6094 -0.2674
-0.316407 -0.259953 -0.575974 0.359936 0.541914 -0.0273 0.5733 -0.8189
-1.01035 -0.380787 -0.637415 0.106289 0.597351 -0.0273 0.5733 -0.8189
-0.66589 0.221013 -0.227555 0.232194 0.321255 -0.0273 0.5733 -0.8189
-1.30114 -0.694533 -0.356167 0 0.741293 -0.1087 -0.594 0.7971
-0.243774 -0.1867 0.166553 0.386484 0.508307 -0.1087 -0.594 0.7971
-0.960681 0.075745 0.264358 0.124444 0.387901 -0.1087 -0.594 0.7971
-0.316407 -0.259953 -0.575974 0.359936 0.541914 0.1297 -0.2581 -0.9574
-0.596942 -1.25843 -0.344777 0.257396 1 0.1297 -0.2581 -0.9574
-1.01035 -0.380787 -0.637415 0.106289 0.597351 0.1297 -0.2581 -0.9574
-0.463375 0.2366 0.673075 0.306217 0.314103 -0.1803 0.9701 -0.1625
-0.162851 0.20796 0.16861 0.416063 0.327243 -0.1803 0.9701 -0.1625
-0.960681 0.075745 0.264358 0.124444 0.387901 -0.1803 0.9701 -0.1625
-0.162851 0.20796 0.16861 0.416063 0.327243 -0.7516 -0.6568 0.0611
-0.778412 0.916869 0.217635 0.191066 0.00200599 -0.7516 -0.6568 0.0611
-0.222101 0.243678 -0.176027 0.394406 0.310857 -0.7516 -0.6568 0.0611
-0.960681 0.075745 0.264358 0.124444 0.387901 -0.2125 -0.7932 0.5707
-0.243774 -0.1867 0.166553 0.386484 0.508307 -0.2125 -0.7932 0.5707
-0.463375 0.2366 0.673075 0.306217 0.314103 -0.2125 -0.7932 0.5707
0.19037 0.102547 0.198144 0.54517 0.375605 0.9605 -0.1186 0.2519
-0.024869 0.146735 1.03971 0.466497 0.355332 0.9605 -0.1186 0.2519
0.12075 -0.216511 0.313446 0.519723 0.521984 0.9605 -0.1186 0.2519
0.12075 -0.216511 0.313446 0.519723 0.521984 -0.4627 0.3889 0.7967
0.778449 -0.381801 0.77613 0.760122 0.597817 -0.4627 0.3889 0.7967
0.19037 0.102547 0.198144 0.54517 0.375605 -0.4627 0.3889 0.7967
-0.304328 -0.271775 0.994363 0.364351 0.547338 0.7351 -0.5358 0.4154
0.12075 -0.216511 0.313446 0.519723 0.521984 0.7351 -0.5358 0.4154
-0.024869 0.146735 1.03971 0.466497 0.355332 0.7351 -0.5358 0.4154
-0.463375 0.2366 0.673075 0.306217 0.314103 -0.5746 0.3012 0.761
-0.304328 -0.271775 0.994363 0.364351 0.547338 -0.5746 0.3012 0.761
-0.024869 0.146735 1.03971 0.466497 0.355332 -0.5746 0.3012 0.761
0.342783 -0.430536 0.130539 0.600879 0.620176 0.5061 -0.6764 -0.5351
-0.090246 -0.751895 0.12725 0.442601 0.76761 0.5061 -0.6764 -0.5351
0.215 -0.245835 -0.223787 0.554173 0.535437 0.5061 -0.6764 -0.5351
0.215 -0.245835 -0.223787 0.554173 0.535437 0.7769 -0.6003 -0.1898
-0.090246 -0.751895 0.12725 0.442601 0.76761 0.7769 -0.6003 -0.1898
-0.596942 -1.25843 -0.344777 0.257396 1 0.7769 -0.6003 -0.1898
0.250608 -0.439257 -1.08573 0.567188 0.624177 0.9974 -0.0501 0.0524
0.215 -0.245835 -0.223787 0.554173 0.535437 0.9974 -0.0501 0.0524
0.204147 -0.998524 -0.736348 0.550206 0.88076 0.9974 -0.0501 0.0524
-0.970668 -0.989353 0.365033 0.120794 0.876553 0.3476 -0.8014 0.4868
-0.596942 -1.25843 -0.344777 0.257396 1 0.3476 -0.8014 0.4868
-0.090246 -0.751895 0.12725 0.442601 0.76761 0.3476 -0.8014 0.4868
0.12075 -0.216511 0.313446 0.519723 0.521984 -0.3802 -0.1665 0.9098
-0.243774 -0.1867 0.166553 0.386484 0.508307 -0.3802 -0.1665 0.9098
-0.090246 -0.751895 0.12725 0.442601 0.76761 -0.3802 -0.1665 0.9098
-0.243774 -0.1867 0.166553 0.386484 0.508307 0.2599 0.0034 0.9656
-0.970668 -0.989353 0.365033 0.120794 0.876553 0.2599 0.0034 0.9656
-0.090246 -0.751895 0.12725 0.442601 0.76761 0.2599 0.0034 0.9656
-0.162851 0.20796 0.16861 0.416063 0.327243 -0.5162 0.4028 -0.7558
0.317474 0.875099 0.196077 0.591629 0.02117 -0.5162 0.4028 -0.7558
0.263459 0.357654 -0.042801 0.571885 0.258565 -0.5162 0.4028 -0.7558
-0.222101 0.243678 -0.176027 0.394406 0.310857 -0.8773 -0.1409 -0.4587
-0.34003 0.904139 -0.153286 0.351301 0.00784701 -0.8773 -0.1409 -0.4587
-0.08641 0.918283 -0.642664 0.444003 0.00135797 -0.8773 -0.1409 -0.4587
0.567413 0.438535 -0.446159 0.682985 0.221459 0.4238 0.7718 0.4741
-0.08641 0.918283 -0.642664 0.444003 0.00135797 0.4238 0.7718 0.4741
0.263459 0.357654 -0.042801 0.571885 0.258565 0.4238 0.7718 0.4741
0.250608 -0.439257 -1.08573 0.567188 0.624177 -0.6734 -0.0293 -0.7387
-0.316407 -0.259953 -0.575974 0.359936 0.541914 -0.6734 -0.0293 -0.7387
-0.114174 0.271892 -0.781382 0.433855 0.297912 -0.6734 -0.0293 -0.7387
0.567413 0.438535 -0.446159 0.682985 0.221459 0.4662 0.7946 0.3888
0.498194 0.714904 -0.927975 0.657684 0.094665 0.4662 0.7946 0.3888
-0.08641 0.918283 -0.642664 0.444003 0.00135797 0.4662 0.7946 0.3888
1.43472 -0.360581 0.290342 1 0.588081 0.3404 0.9348 0.1015
0.943181 -0.114675 -0.326111 0.820334 0.475263 0.3404 0.9348 0.1015
0.19037 0.102547 0.198144 0.54517 0.375605 0.3404 0.9348 0.1015
0.778449 -0.381801 0.77613 0.760122 0.597817 0.2877 0.8577 0.4261
1.43472 -0.360581 0.290342 1 0.588081 0.2877 0.8577 0.4261
0.19037 0.102547 0.198144 0.54517 0.375605 0.2877 0.8577 0.4261
1.43472 -0.360581 0.290342 1 0.588081 0.7435 -0.1483 -0.652
0.848232 -0.861004 -0.264642 0.785628 0.817667 0.7435 -0.1483 -0.652
0.943181 -0.114675 -0.326111 0.820334 0.475263 0.7435 -0.1483 -0.652
0.19037 0.102547 0.198144 0.54517 0.375605 0.4357 -0.4162 0.7981
0.943181 -0.114675 -0.326111 0.820334 0.475263 0.4357 -0.4162 0.7981
1.25305 0.658391 -0.09212 0.933595 0.120592 0.4357 -0.4162 0.7981
0.620234 0.569776 0.631649 0.702292 0.161248 0.5074 -0.7888 0.347
0.19037 0.102547 0.198144 0.54517 0.375605 0.5074 -0.7888 0.347
1.25305 0.658391 -0.09212 0.933595 0.120592 0.5074 -0.7888 0.347
0.373846 0.157215 -0.563573 0.612233 0.350524 0.4192 0.0887 -0.9036
0.567413 0.438535 -0.446159 0.682985 0.221459 0.4192 0.0887 -0.9036
0.943181 -0.114675 -0.326111 0.820334 0.475263 0.4192 0.0887 -0.9036
0.567413 0.438535 -0.446159 0.682985 0.221459 -0.2919 0.956 -0.0283
0.263459 0.357654 -0.042801 0.571885 0.258565 -0.2919 0.956 -0.0283
1.25305 0.658391 -0.09212 0.933595 0.120592 -0.2919 0.956 -0.0283
0.215 -0.245835 -0.223787 0.554173 0.535437 -0.1273 -0.0653 -0.9897
0.943181 -0.114675 -0.326111 0.820334 0.475263 -0.1273 -0.0653 -0.9897
0.848232 -0.861004 -0.264642 0.785628 0.817667 -0.1273 -0.0653 -0.9897
0.250608 -0.439257 -1.08573 0.567188 0.624177 -0.6856 -0.3439 -0.6416
0.204147 -0.998524 -0.736348 0.550206 0.88076 -0.6856 -0.3439 -0.6416
-0.316407 -0.259953 -0.575974 0.359936 0.541914 -0.6856 -0.3439 -0.6416
0.498194 0.714904 -0.927975 0.657684 0.094665 -0.3688 0.2102 -0.9054
-0.114174 0.271892 -0.781382 0.433855 0.297912 -0.3688 0.2102 -0.9054
-0.08641 0.918283 -0.642664 0.444003 0.00135797 -0.3688 0.2102 -0.9054
-0.08641 0.918283 -0.642664 0.444003 0.00135797 -0.982 0.079 -0.1714
-0.114174 0.271892 -0.781382 0.433855 0.297912 -0.982 0.079 -0.1714
-0.222101 0.243678 -0.176027 0.394406 0.310857 -0.982 0.079 -0.1714
-0.222101 0.243678 -0.176027 0.394406 0.310857 -0.9419 0.2987 -0.154
-0.114174 0.271892 -0.781382 0.433855 0.297912 -0.9419 0.2987 -0.154
-0.316407 -0.259953 -0.575974 0.359936 0.541914 -0.9419 0.2987 -0.154
-0.316407 -0.259953 -0.575974 0.359936 0.541914 -0.7004 -0.6756 0.2302
-0.66589 0.221013 -0.227555 0.232194 0.321255 -0.7004 -0.6756 0.2302
-0.985715 0.301058 -0.965845 0.115294 0.284531 -0.7004 -0.6756 0.2302
-1.01035 -0.380787 -0.637415 0.106289 0.597351 -0.8079 0.5425 -0.2301
-1.30114 -0.694533 -0.356167 0 0.741293 -0.8079 0.5425 -0.2301
-0.960681 0.075745 0.264358 0.124444 0.387901 -0.8079 0.5425 -0.2301
-1.30114 -0.694533 -0.356167 0 0.741293 -0.5649 0.6403 0.5206
-0.970668 -0.989353 0.365033 0.120794 0.876553 -0.5649 0.6403 0.5206
-0.243774 -0.1867 0.166553 0.386484 0.508307 -0.5649 0.6403 0.5206
-1.01035 -0.380787 -0.637415 0.106289 0.597351 -0.3361 -0.4366 -0.8345
-0.596942 -1.25843 -0.344777 0.257396 1 -0.3361 -0.4366 -0.8345
-1.30114 -0.694533 -0.356167 0 0.741293 -0.3361 -0.4366 -0.8345
-0.222101 0.243678 -0.176027 0.394406 0.310857 -0.0772 0.9678 0.2395
-0.66589 0.221013 -0.227555 0.232194 0.321255 -0.0772 0.9678 0.2395
-0.960681 0.075745 0.264358 0.124444 0.387901 -0.0772 0.9678 0.2395
-0.222101 0.243678 -0.176027 0.394406 0.310857 -0.0663 0.9885 0.1359
-0.985715 0.301058 -0.965845 0.115294 0.284531 -0.0663 0.9885 0.1359
-0.66589 0.221013 -0.227555 0.232194 0.321255 -0.0663 0.9885 0.1359
-0.162851 0.20796 0.16861 0.416063 0.327243 -0.1473 0.9809 0.127
-0.222101 0.243678 -0.176027 0.394406 0.310857 -0.1473 0.9809 0.127
-0.960681 0.075745 0.264358 0.124444 0.387901 -0.1473 0.9809 0.127
-0.216041 -0.466946 0.483933 0.396621 0.63688 0.6674 -0.6498 0.3639
0.12075 -0.216511 0.313446 0.519723 0.521984 0.6674 -0.6498 0.3639
-0.304328 -0.271775 0.994363 0.364351 0.547338 0.6674 -0.6498 0.3639
-0.243774 -0.1867 0.166553 0.386484 0.508307 -0.9753 -0.2007 -0.092
-0.216041 -0.466946 0.483933 0.396621 0.63688 -0.9753 -0.2007 -0.092
-0.304328 -0.271775 0.994363 0.364351 0.547338 -0.9753 -0.2007 -0.092
0.19037 0.102547 0.198144 0.54517 0.375605 0.2008 0.9796 -0.0001
-0.463375 0.2366 0.673075 0.306217 0.314103 0.2008 0.9796 -0.0001
-0.024869 0.146735 1.03971 0.466497 0.355332 0.2008 0.9796 -0.0001
-0.463375 0.2366 0.673075 0.306217 0.314103 0.4555 -0.4661 0.7585
0.19037 0.102547 0.198144 0.54517 0.375605 0.4555 -0.4661 0.7585
-0.290444 0.921243 0.98995 0.369425 0 0.4555 -0.4661 0.7585
-0.463375 0.2366 0.673075 0.306217 0.314103 -0.9284 -0.3565 -0.1046
-0.243774 -0.1867 0.166553 0.386484 0.508307 -0.9284 -0.3565 -0.1046
-0.304328 -0.271775 0.994363 0.364351 0.547338 -0.9284 -0.3565 -0.1046
-0.162851 0.20796 0.16861 0.416063 0.327243 -0.7699 0.4177 -0.4824
-0.463375 0.2366 0.673075 0.306217 0.314103 -0.7699 0.4177 -0.4824
-0.290444 0.921243 0.98995 0.369425 0 -0.7699 0.4177 -0.4824
0.250608 -0.439257 -1.08573 0.567188 0.624177 0.4459 0.5356 -0.7171
-0.114174 0.271892 -0.781382 0.433855 0.297912 0.4459 0.5356 -0.7171
0.373846 0.157215 -0.563573 0.612233 0.350524 0.4459 0.5356 -0.7171
